0.689932	0.555444	0.468847	0.417216	0.389145	0.361294	0.061989
0.655773	0.537398	0.464902	0.416003	0.383619	0.358254	0.206245
0.585664	0.481737	0.427439	0.393936	0.368062	0.348896	0.262122
0.494714	0.429472	0.407364	0.378633	0.355414	0.338336	0.374632
0.455240	0.413046	0.397057	0.371506	0.349685	0.327412	0.467480
0.684613	0.512828	0.441880	0.387846	0.361719	0.351692	0.012873
0.728459	0.522694	0.447674	0.387319	0.360664	0.338821	0.069148
0.659140	0.496175	0.418909	0.361201	0.334655	0.312583	0.196827
0.342341	0.314240	0.307210	0.283131	0.264661	0.262774	0.501063
0.215127	0.262675	0.277931	0.265357	0.249947	0.238100	0.687127
0.699322	0.533605	0.456028	0.400000	0.367832	0.347021	0.011967
0.704392	0.500699	0.434129	0.379529	0.351016	0.329250	0.135311
0.647052	0.468722	0.401950	0.352231	0.325175	0.314694	0.364361
0.503782	0.359991	0.338882	0.307741	0.288060	0.270135	0.575843
0.333273	0.288436	0.278501	0.259148	0.249686	0.244411	0.826916
0.706251	0.537476	0.456273	0.400806	0.374150	0.353228	0.052376
0.679620	0.537503	0.464185	0.413533	0.383645	0.361847	0.253058
0.598575	0.480145	0.414450	0.372627	0.353830	0.335589	0.375741
0.514644	0.438487	0.412888	0.377269	0.354133	0.333148	0.489880
0.381002	0.369216	0.361128	0.340757	0.326612	0.311194	0.565219
0.694253	0.525349	0.447454	0.394851	0.364668	0.346809	0.042668
0.675019	0.490045	0.405185	0.353241	0.330706	0.314897	0.142435
0.617144	0.473416	0.407238	0.356629	0.327641	0.315350	0.341114
0.503033	0.406652	0.368008	0.326166	0.306423	0.293446	0.471038
0.269007	0.287378	0.287088	0.287022	0.276521	0.264647	0.749795
0.692322	0.532073	0.444357	0.385159	0.358508	0.341406	0.056181
0.676901	0.518693	0.441563	0.382654	0.355306	0.338389	0.200969
0.621889	0.514606	0.435825	0.380751	0.341681	0.324082	0.310325
0.604925	0.474228	0.408993	0.358609	0.331766	0.319542	0.370599
0.707917	0.518005	0.443525	0.401689	0.372188	0.347908	0.031592
0.686895	0.506000	0.442877	0.400608	0.374613	0.351056	0.125135
0.637230	0.475432	0.435042	0.396898	0.372182	0.348870	0.244957
0.549132	0.431280	0.406077	0.375069	0.351663	0.330635	0.372947
0.356006	0.327256	0.349658	0.333334	0.316552	0.301752	0.501263
0.715952	0.528357	0.446598	0.399928	0.370515	0.348020	0.030282
0.642277	0.481063	0.419125	0.376157	0.350543	0.328643	0.064545
0.543323	0.444546	0.388289	0.352366	0.331225	0.313790	0.388892
0.232641	0.264799	0.282314	0.260674	0.246280	0.243601	0.607260
0.235405	0.258462	0.268064	0.259241	0.246809	0.239562	0.819082
0.704315	0.507990	0.437537	0.394554	0.367602	0.344383	0.027045
0.710268	0.495702	0.423755	0.378740	0.348140	0.324070	0.191014
0.551936	0.437877	0.383501	0.339559	0.314374	0.297454	0.485551
0.390086	0.330205	0.304798	0.275357	0.257472	0.249897	0.754413
0.288310	0.251970	0.248027	0.246272	0.234505	0.226368	0.955908
0.704533	0.538051	0.453899	0.405913	0.377804	0.354273	0.125646
0.651407	0.486471	0.422827	0.385160	0.365901	0.342498	0.318731
0.606338	0.456279	0.416211	0.381794	0.357161	0.336046	0.475221
0.461687	0.381399	0.360676	0.343853	0.330272	0.315072	0.600628
0.353131	0.340930	0.344499	0.325162	0.313933	0.300996	0.707734
0.705906	0.502996	0.427058	0.384460	0.360281	0.338234	0.024984
0.672748	0.484026	0.407561	0.366968	0.344235	0.327245	0.114349
0.611911	0.462621	0.410015	0.366934	0.344189	0.328847	0.259421
0.531528	0.434554	0.391967	0.350110	0.327095	0.310759	0.463945
0.314050	0.303670	0.270923	0.271499	0.260171	0.246690	0.895963
0.713275	0.529582	0.444351	0.391052	0.362259	0.342694	0.037807
0.694953	0.506893	0.430740	0.380284	0.356795	0.333871	0.163089
0.660999	0.495790	0.424650	0.381287	0.349941	0.324570	0.366567
0.637632	0.466850	0.417339	0.364940	0.331439	0.308941	0.452587
0.571343	0.460703	0.398085	0.360714	0.340739	0.321228	0.029159
0.549075	0.492612	0.428471	0.387056	0.359868	0.335902	0.081368
0.518949	0.412652	0.383902	0.356149	0.334946	0.316475	0.215496
0.415840	0.350368	0.349570	0.335223	0.322395	0.308799	0.383116
0.420581	0.379632	0.370108	0.350722	0.332923	0.316963	0.471591
0.647761	0.511168	0.424599	0.374275	0.347110	0.327800	0.000000
0.637449	0.482429	0.409166	0.364597	0.346884	0.326615	0.049884
0.592108	0.416811	0.355535	0.326937	0.312700	0.299593	0.328492
0.235195	0.229753	0.253967	0.254734	0.249978	0.246276	0.736937
0.265155	0.264430	0.272475	0.264512	0.263919	0.255262	0.832481
0.652311	0.502256	0.420971	0.374259	0.345171	0.324267	0.000294
0.655970	0.507143	0.417772	0.370458	0.342102	0.322869	0.118135
0.599303	0.430134	0.356882	0.318898	0.295291	0.284469	0.389335
0.453632	0.359029	0.328725	0.296241	0.282348	0.275412	0.696563
0.230518	0.302165	0.281005	0.268876	0.259231	0.249820	0.904305
0.577958	0.482486	0.417554	0.381794	0.359057	0.335153	0.067654
0.552111	0.471194	0.399550	0.367960	0.346534	0.326636	0.243427
0.499718	0.435817	0.390111	0.365478	0.343646	0.327620	0.498129
0.428392	0.373043	0.359245	0.340219	0.326011	0.308791	0.619963
0.367001	0.337771	0.340515	0.322578	0.313852	0.301801	0.724084
0.601982	0.511444	0.434683	0.381149	0.354789	0.332725	0.083456
0.548581	0.497628	0.411767	0.360325	0.339556	0.318858	0.215749
0.497748	0.472773	0.397139	0.347443	0.323997	0.307837	0.363120
0.427552	0.403307	0.378420	0.332582	0.311328	0.293756	0.571217
0.186945	0.312994	0.281521	0.254844	0.249198	0.232441	0.913013
0.592896	0.497494	0.423990	0.374860	0.350204	0.332131	0.116568
0.570619	0.492193	0.418465	0.366525	0.345213	0.325892	0.339159
0.521432	0.427059	0.416502	0.378170	0.348236	0.324714	0.605352
0.476183	0.429941	0.422132	0.394573	0.350602	0.324125	0.689729
0.624120	0.473166	0.414287	0.375270	0.354670	0.338462	0.027782
0.577242	0.450721	0.404483	0.364473	0.344257	0.323428	0.087857
0.494239	0.401996	0.373388	0.354711	0.337450	0.317244	0.251788
0.436164	0.393933	0.371356	0.346523	0.328439	0.312575	0.408695
0.342817	0.328422	0.338816	0.323166	0.315190	0.300057	0.517009
0.663957	0.527635	0.451069	0.401868	0.372268	0.349065	0.037193
0.582037	0.460555	0.416425	0.369066	0.345275	0.328370	0.075837
0.487731	0.400107	0.354859	0.313477	0.302154	0.290688	0.272774
0.158133	0.276892	0.295209	0.271259	0.252970	0.240330	0.743116
0.188904	0.251628	0.269303	0.255200	0.240824	0.229975	0.816164
0.583053	0.462224	0.411317	0.372095	0.339001	0.319146	0.038118
0.573875	0.438804	0.386081	0.348667	0.321500	0.306912	0.202935
0.551331	0.417560	0.371921	0.334252	0.305523	0.291345	0.409380
0.437084	0.366011	0.369750	0.337342	0.302930	0.289150	0.650820
0.286272	0.236775	0.281228	0.275244	0.256770	0.252426	0.824682
0.639128	0.504967	0.435929	0.390683	0.367970	0.347263	0.050821
0.535551	0.432538	0.380327	0.350038	0.334692	0.316169	0.292757
0.506156	0.449562	0.394825	0.356331	0.336130	0.318260	0.428868
0.408012	0.392308	0.369883	0.343326	0.327500	0.313045	0.595310
0.314881	0.348877	0.342505	0.327489	0.313417	0.299395	0.696540
0.593629	0.495128	0.427396	0.379260	0.353751	0.337007	0.060651
0.543845	0.457286	0.412458	0.363781	0.334256	0.317440	0.182437
0.456926	0.379164	0.351811	0.316135	0.295507	0.287814	0.348140
0.426179	0.416557	0.377764	0.336752	0.325907	0.311423	0.635791
0.233306	0.297044	0.312892	0.301582	0.291424	0.271391	0.777178
0.618533	0.483374	0.423019	0.375918	0.352246	0.330376	0.036407
0.606642	0.472995	0.419082	0.373612	0.347955	0.330089	0.139471
0.572522	0.467297	0.408227	0.357621	0.337714	0.320361	0.344892
0.555702	0.433477	0.401725	0.356159	0.333581	0.316790	0.457522
0.548317	0.478738	0.451735	0.395384	0.367613	0.342595	0.026574
0.472082	0.449068	0.432916	0.384435	0.358694	0.340066	0.089165
0.417290	0.406371	0.385023	0.349821	0.334340	0.316606	0.252299
0.300488	0.339163	0.348444	0.331257	0.317838	0.303364	0.434892
0.275586	0.304270	0.313247	0.307888	0.300518	0.285463	0.545271
0.579537	0.498836	0.447792	0.398554	0.366378	0.342547	0.023259
0.549038	0.467280	0.418035	0.375700	0.349234	0.326355	0.030891
0.387563	0.384173	0.354565	0.315491	0.299788	0.288362	0.409916
0.209449	0.274373	0.301749	0.280891	0.269813	0.262238	0.699413
0.242958	0.276745	0.292842	0.288061	0.273271	0.262249	0.808089
0.602866	0.500317	0.472173	0.432314	0.393476	0.358316	0.027567
0.554852	0.473158	0.440361	0.390360	0.359431	0.335442	0.143161
0.386620	0.353531	0.333146	0.308479	0.295614	0.282744	0.459942
0.254183	0.230364	0.258437	0.264918	0.255641	0.246894	0.779221
0.264280	0.234442	0.251857	0.232866	0.230474	0.231712	0.925690
0.554842	0.510333	0.454771	0.399696	0.368933	0.345815	0.027877
0.526488	0.490184	0.466245	0.408589	0.378851	0.356732	0.195120
0.472090	0.495159	0.454812	0.404244	0.378322	0.353688	0.381516
0.420198	0.395728	0.364600	0.341965	0.325642	0.310172	0.549040
0.328244	0.352637	0.347215	0.325183	0.312293	0.297482	0.726603
0.493083	0.440768	0.414059	0.385365	0.359270	0.333355	0.078072
0.438835	0.386295	0.383600	0.353022	0.333124	0.312890	0.201968
0.244098	0.281113	0.308202	0.308818	0.296355	0.284790	0.481980
0.178640	0.222430	0.275782	0.278752	0.269292	0.263883	0.778540
0.128692	0.248261	0.243508	0.244404	0.250726	0.250948	0.952775
0.532126	0.461310	0.441078	0.401340	0.368143	0.342914	0.069831
0.480118	0.407256	0.377230	0.351367	0.326128	0.309180	0.256400
0.429897	0.368656	0.361266	0.353464	0.323896	0.305579	0.514702
0.361187	0.353863	0.370152	0.354327	0.325106	0.306688	0.614887
0.795753	0.597352	0.491502	0.437121	0.402016	0.374698	0.104329
0.779478	0.610251	0.513288	0.451193	0.411578	0.381217	0.205708
0.711233	0.551898	0.470768	0.421441	0.390864	0.365318	0.349438
0.629906	0.497863	0.446380	0.405996	0.378739	0.353332	0.439167
0.508019	0.453678	0.420049	0.388887	0.364085	0.343568	0.498391
0.798049	0.584927	0.491679	0.427306	0.393116	0.368157	0.040969
0.774976	0.563486	0.478955	0.424574	0.384831	0.365007	0.160464
0.732728	0.525704	0.435553	0.397887	0.364028	0.337519	0.378421
0.342714	0.352666	0.321306	0.311326	0.294496	0.278566	0.704142
0.221598	0.325162	0.322702	0.306499	0.289795	0.273288	0.811723
0.802323	0.600627	0.498691	0.433873	0.400284	0.370096	0.078557
0.779250	0.577992	0.484766	0.432408	0.402302	0.370833	0.209039
0.723675	0.518265	0.443396	0.404327	0.363879	0.345146	0.405463
0.562720	0.416303	0.364777	0.343202	0.336177	0.315121	0.638977
0.424401	0.361180	0.353354	0.331414	0.308967	0.284629	0.785250
0.785969	0.598979	0.494258	0.437617	0.406121	0.378680	0.222083
0.765024	0.626236	0.519862	0.455235	0.416928	0.387868	0.325322
0.731364	0.573754	0.478588	0.432458	0.401447	0.374519	0.503035
0.656014	0.525029	0.467901	0.425347	0.394372	0.367520	0.594751
0.520350	0.441160	0.410660	0.375734	0.356719	0.338555	0.666608
0.777251	0.545273	0.465304	0.404176	0.376149	0.360468	0.066743
0.736443	0.549957	0.467112	0.409962	0.379750	0.358880	0.147199
0.693158	0.524446	0.445043	0.396007	0.373339	0.343521	0.399275
0.597596	0.506082	0.448014	0.396813	0.365563	0.330039	0.508410
0.373922	0.342498	0.372386	0.340092	0.312123	0.292416	0.749996
0.795630	0.569185	0.483682	0.418370	0.386062	0.366591	0.111255
0.783391	0.553019	0.470075	0.419108	0.383441	0.362842	0.285157
0.745305	0.552610	0.482124	0.431872	0.390969	0.366176	0.407726
0.695700	0.546148	0.491074	0.438339	0.398827	0.365714	0.516734
0.700118	0.431833	0.400799	0.369306	0.348796	0.327735	0.028457
0.677457	0.450040	0.404229	0.374678	0.354481	0.335121	0.120207
0.623309	0.437541	0.417235	0.382973	0.363287	0.340972	0.271600
0.573249	0.429601	0.398856	0.368143	0.347120	0.328146	0.412687
0.493942	0.428908	0.399877	0.369653	0.349361	0.327077	0.488561
0.710294	0.452183	0.404965	0.369918	0.348871	0.328689	0.028860
0.727635	0.460255	0.405741	0.369143	0.352237	0.333379	0.029868
0.680028	0.444841	0.387603	0.359031	0.339369	0.324017	0.235530
0.532778	0.386581	0.332054	0.318599	0.310510	0.297675	0.514454
0.274704	0.260920	0.259785	0.259155	0.260615	0.254114	0.695730
0.722788	0.444717	0.390809	0.354132	0.338281	0.318291	0.028659
0.733814	0.459607	0.376948	0.337119	0.324743	0.310812	0.042940
0.666213	0.490229	0.409623	0.366201	0.343221	0.324801	0.322600
0.635726	0.453363	0.384920	0.349642	0.331647	0.318684	0.546622
0.439544	0.313360	0.304984	0.275363	0.257038	0.250028	0.765875
0.706038	0.439512	0.395080	0.362788	0.344590	0.326205	0.031725
0.671405	0.429747	0.402150	0.369973	0.350212	0.328015	0.226116
0.630129	0.419531	0.387068	0.359348	0.339206	0.322531	0.375526
0.537559	0.418121	0.394376	0.360264	0.341545	0.323373	0.570449
0.454241	0.370563	0.366826	0.345789	0.329720	0.312893	0.699115
0.700610	0.435429	0.393396	0.363851	0.347072	0.330121	0.031725
0.685756	0.444936	0.389954	0.359179	0.342593	0.322961	0.187156
0.630990	0.412113	0.366518	0.333893	0.320097	0.303047	0.290016
0.520912	0.396231	0.348552	0.319308	0.307326	0.294975	0.484981
0.289114	0.274510	0.342038	0.331116	0.308405	0.294657	0.758275
0.689269	0.428668	0.368017	0.340108	0.322362	0.308658	0.143308
0.656563	0.433626	0.361178	0.334740	0.324077	0.308997	0.289023
0.596609	0.442135	0.384007	0.348907	0.328269	0.314033	0.553583
0.573121	0.449399	0.413776	0.362849	0.339485	0.319740	0.565118
0.675821	0.507462	0.450991	0.411767	0.383695	0.358122	0.005539
0.643467	0.498614	0.439457	0.399347	0.373489	0.348582	0.109029
0.565800	0.488664	0.433362	0.400834	0.373165	0.349000	0.204356
0.480611	0.432992	0.412026	0.376531	0.352306	0.333130	0.325231
0.416544	0.392517	0.389500	0.363136	0.346858	0.325961	0.469608
0.651043	0.470396	0.422857	0.390695	0.367365	0.344342	0.002154
0.697899	0.498569	0.437042	0.395929	0.367094	0.343858	0.033951
0.624439	0.459575	0.414225	0.381986	0.356779	0.335782	0.258088
0.289847	0.308650	0.311121	0.301375	0.289343	0.280307	0.586040
0.205046	0.268145	0.283948	0.276654	0.271460	0.265658	0.723660
0.651752	0.480983	0.428182	0.394888	0.369846	0.346680	0.002141
0.642154	0.465225	0.413434	0.376145	0.351828	0.332510	0.072520
0.572818	0.411123	0.377147	0.347686	0.326604	0.312013	0.385885
0.457417	0.357893	0.340899	0.324938	0.307997	0.295034	0.630620
0.357106	0.298320	0.309100	0.284069	0.276854	0.268042	0.804854
0.671399	0.492308	0.443439	0.395364	0.366953	0.346579	0.011536
0.653314	0.499946	0.448115	0.408036	0.379150	0.353517	0.088824
0.605318	0.495961	0.444626	0.405311	0.372714	0.349482	0.264691
0.507339	0.453564	0.420738	0.388467	0.362811	0.338344	0.467049
0.363615	0.364849	0.363591	0.341738	0.326145	0.310198	0.638799
0.655460	0.483139	0.447459	0.408724	0.377496	0.353681	0.047046
0.593924	0.470705	0.426618	0.391049	0.365320	0.344622	0.249072
0.458191	0.441693	0.404761	0.371487	0.348170	0.332378	0.408100
0.320401	0.352142	0.359092	0.333665	0.318328	0.303050	0.588777
0.227705	0.323958	0.348827	0.325046	0.305102	0.290931	0.785378
0.662091	0.491792	0.441445	0.401129	0.372866	0.350210	0.097268
0.644121	0.513384	0.455328	0.410492	0.379641	0.353486	0.209819
0.606405	0.493564	0.451097	0.399013	0.367892	0.343646	0.352458
0.595447	0.516532	0.463392	0.413270	0.386735	0.364576	0.416757
0.679062	0.546655	0.467299	0.422777	0.393980	0.368219	0.033320
0.631225	0.557195	0.477486	0.428832	0.395994	0.368608	0.065236
0.591210	0.503056	0.448995	0.405421	0.377875	0.353810	0.171903
0.539751	0.455374	0.425904	0.391544	0.365287	0.341312	0.236539
0.468484	0.419702	0.396720	0.365436	0.344968	0.323751	0.357941
0.694579	0.571253	0.495826	0.439509	0.404904	0.374842	0.032371
0.711096	0.568694	0.484606	0.427798	0.391265	0.364770	0.068200
0.647215	0.483899	0.417304	0.379153	0.351016	0.331321	0.219959
0.276202	0.329885	0.334301	0.312765	0.302394	0.288079	0.549672
0.224578	0.350910	0.343211	0.318578	0.305628	0.291849	0.710220
0.671588	0.570582	0.486692	0.432382	0.394258	0.368961	0.026943
0.700209	0.548578	0.480250	0.426929	0.393001	0.365545	0.074380
0.640351	0.531714	0.459577	0.412819	0.382167	0.354841	0.245089
0.493849	0.374211	0.346834	0.315808	0.300277	0.287719	0.545794
0.293017	0.258177	0.296886	0.264483	0.253718	0.250503	0.810573
0.673878	0.553147	0.484012	0.432975	0.399215	0.372624	0.046471
0.678332	0.565760	0.480545	0.428687	0.395173	0.368129	0.246678
0.634740	0.514662	0.449970	0.411410	0.380721	0.353324	0.370894
0.531012	0.466503	0.430356	0.393190	0.364367	0.343313	0.483852
0.451857	0.413702	0.396463	0.373406	0.354024	0.331864	0.644948
0.667005	0.521609	0.457730	0.410843	0.380618	0.354001	0.044255
0.636479	0.514549	0.455798	0.406964	0.378020	0.353959	0.121626
0.552042	0.467973	0.411048	0.373722	0.352618	0.331439	0.247087
0.342379	0.387380	0.384369	0.351608	0.328664	0.311487	0.404821
0.221413	0.281314	0.308582	0.303425	0.282752	0.270799	0.762872
0.679060	0.556486	0.478762	0.427011	0.395207	0.366086	0.075542
0.656289	0.555613	0.477700	0.424453	0.391041	0.366981	0.200369
0.622982	0.532027	0.469788	0.411436	0.381223	0.353733	0.399110
0.424142	0.474306	0.413686	0.361615	0.342464	0.324426	0.087792
0.367202	0.427021	0.372331	0.336443	0.320499	0.308146	0.149679
0.272083	0.340877	0.318775	0.303317	0.296798	0.286908	0.274742
0.194025	0.294382	0.299230	0.297049	0.286331	0.278192	0.375346
0.205077	0.276423	0.294636	0.292422	0.290581	0.277784	0.479589
0.460637	0.489955	0.452408	0.386085	0.363466	0.339917	0.022005
0.403180	0.461850	0.418399	0.364049	0.333332	0.317329	0.134202
0.213796	0.279433	0.289689	0.280067	0.271245	0.254798	0.646726
0.193247	0.278882	0.294543	0.270015	0.252989	0.240572	0.761771
0.194953	0.234237	0.275860	0.260714	0.262917	0.247506	0.846264
0.453820	0.474712	0.428369	0.381805	0.339970	0.316881	0.044337
0.412259	0.402686	0.365822	0.341260	0.305477	0.293212	0.237538
0.344695	0.266835	0.282322	0.256578	0.247914	0.241186	0.558713
0.214695	0.224401	0.237416	0.219760	0.218369	0.210559	0.761955
0.182368	0.251219	0.241296	0.225113	0.222100	0.211349	0.977123
0.445596	0.481940	0.428754	0.385018	0.364329	0.341452	0.169833
0.349276	0.420911	0.370006	0.336330	0.320663	0.306370	0.271892
0.333839	0.428426	0.392714	0.351418	0.332991	0.316153	0.447987
0.245861	0.337192	0.323353	0.312110	0.300936	0.290677	0.568643
0.215418	0.281999	0.298586	0.293820	0.289862	0.278759	0.680636
0.417524	0.476576	0.466486	0.402427	0.371042	0.346177	0.036967
0.407204	0.420938	0.430742	0.377702	0.345825	0.322963	0.149343
0.282134	0.277681	0.314491	0.300775	0.275936	0.269769	0.262240
0.200883	0.251933	0.272029	0.251226	0.252309	0.239183	0.538365
0.198059	0.307165	0.302544	0.300426	0.297984	0.286093	0.856256
0.441373	0.487032	0.448226	0.383189	0.358226	0.338629	0.026858
0.417814	0.486015	0.476810	0.409874	0.378945	0.356141	0.144776
0.370260	0.460657	0.487431	0.432056	0.379676	0.355570	0.279523
0.325461	0.391158	0.411875	0.375809	0.341832	0.330118	0.378507
0.510693	0.412322	0.388516	0.349371	0.333717	0.317219	0.052354
0.455937	0.424545	0.384217	0.361103	0.342726	0.323568	0.130219
0.400608	0.379143	0.356415	0.340636	0.324437	0.311638	0.216470
0.339596	0.381415	0.373606	0.349761	0.331917	0.316554	0.312143
0.280010	0.322645	0.330924	0.315585	0.303932	0.293908	0.440315
0.546431	0.453151	0.401212	0.355740	0.336448	0.319965	0.008109
0.475267	0.407986	0.355113	0.313251	0.297526	0.282615	0.180489
0.296952	0.312634	0.295729	0.279437	0.266613	0.254824	0.517848
0.228732	0.256607	0.257528	0.259569	0.255931	0.242542	0.724555
0.232695	0.302822	0.298193	0.288682	0.280354	0.261225	0.790682
0.531156	0.428547	0.380790	0.342347	0.322420	0.308268	0.008125
0.605949	0.460412	0.399216	0.347927	0.324585	0.306254	0.176319
0.535813	0.360013	0.321418	0.297368	0.275120	0.268385	0.517954
0.321829	0.268525	0.269561	0.245337	0.231644	0.221845	0.808429
0.275414	0.276567	0.261869	0.243713	0.236055	0.232905	0.972080
0.474349	0.406567	0.359829	0.327050	0.316650	0.305199	0.066060
0.421330	0.420352	0.379854	0.344027	0.326621	0.311613	0.270288
0.352421	0.398724	0.365919	0.339764	0.328560	0.314356	0.402802
0.303231	0.362227	0.353077	0.331999	0.316850	0.300536	0.487372
0.234970	0.329154	0.329278	0.319461	0.312069	0.296906	0.606523
0.449106	0.402111	0.355609	0.322059	0.306588	0.289186	0.055759
0.425495	0.370777	0.324438	0.294003	0.282228	0.274693	0.361151
0.369141	0.379257	0.355707	0.315927	0.291434	0.276806	0.583247
0.274065	0.297961	0.269792	0.254301	0.256850	0.247023	0.800442
0.274583	0.308849	0.310316	0.288743	0.285474	0.273643	0.912743
0.486913	0.454673	0.415796	0.370100	0.348637	0.329239	0.090437
0.463055	0.415054	0.384607	0.337234	0.318878	0.304776	0.212385
0.422867	0.385446	0.367623	0.334045	0.315327	0.294106	0.341556
0.399239	0.390592	0.383200	0.348943	0.333779	0.309041	0.389413
0.667386	0.554651	0.480353	0.430643	0.397052	0.374409	0.013529
0.651962	0.543276	0.473964	0.429232	0.395640	0.364999	0.063617
0.597845	0.509224	0.451163	0.412503	0.385148	0.362872	0.136469
0.501036	0.447127	0.420979	0.386411	0.362562	0.340162	0.250446
0.443731	0.408216	0.389526	0.364417	0.345262	0.329250	0.381163
0.682592	0.593809	0.514231	0.458004	0.419781	0.388060	0.016044
0.689658	0.573189	0.490063	0.438359	0.403852	0.375201	0.074939
0.697350	0.570866	0.488397	0.430633	0.395001	0.366041	0.154162
0.672641	0.548797	0.473580	0.423854	0.393423	0.367000	0.322037
0.350899	0.391469	0.362641	0.334517	0.318243	0.302281	0.551065
0.668937	0.554788	0.482613	0.433165	0.402648	0.375849	0.015411
0.684633	0.561611	0.484583	0.429543	0.395719	0.370115	0.056298
0.672319	0.537775	0.461397	0.414502	0.383860	0.359169	0.178762
0.647890	0.509417	0.437939	0.393178	0.367336	0.345352	0.379203
0.553297	0.450818	0.389732	0.362682	0.335432	0.315757	0.609030
0.677721	0.561368	0.484241	0.430209	0.397366	0.370442	0.022738
0.661118	0.542682	0.477145	0.433524	0.402549	0.374062	0.092167
0.646300	0.526796	0.470460	0.420289	0.388907	0.360527	0.332709
0.614572	0.511259	0.455732	0.410007	0.380125	0.353887	0.400978
0.496801	0.452176	0.407956	0.379118	0.354201	0.333010	0.575855
0.675028	0.558050	0.480377	0.427660	0.396755	0.369451	0.015862
0.660469	0.560043	0.481560	0.428349	0.395445	0.365734	0.109800
0.617580	0.528499	0.461931	0.417202	0.385481	0.357257	0.179801
0.554543	0.490427	0.434172	0.392146	0.365821	0.342376	0.290320
0.470482	0.451581	0.406740	0.366896	0.343567	0.325773	0.441840
0.666652	0.551265	0.477352	0.427863	0.393566	0.366523	0.046767
0.650570	0.554757	0.477039	0.424721	0.390818	0.363134	0.183250
0.631973	0.537776	0.464850	0.413195	0.386664	0.360723	0.356077
0.582601	0.524299	0.466014	0.410865	0.379642	0.355921	0.469925
0.639786	0.497216	0.451303	0.410545	0.381925	0.355994	0.028506
0.607323	0.482161	0.436362	0.394350	0.368400	0.348321	0.060272
0.574799	0.486531	0.438674	0.396490	0.373980	0.348127	0.116695
0.468083	0.401316	0.389493	0.368114	0.348099	0.327920	0.201859
0.334497	0.359259	0.362052	0.345006	0.327351	0.307511	0.336186
0.690895	0.500599	0.450105	0.408779	0.380549	0.353709	0.021995
0.708325	0.519480	0.453943	0.410374	0.377718	0.354378	0.046741
0.625960	0.486701	0.429389	0.395954	0.370076	0.348725	0.134775
0.361433	0.374073	0.345232	0.326774	0.314393	0.300282	0.462546
0.151105	0.270176	0.276297	0.269930	0.271336	0.265900	0.734366
0.659015	0.498170	0.442505	0.400796	0.377302	0.354749	0.022350
0.681159	0.503508	0.448070	0.409840	0.382727	0.359297	0.044189
0.613299	0.477235	0.422267	0.391031	0.362707	0.339154	0.170479
0.512662	0.392944	0.359374	0.333609	0.313624	0.298199	0.377391
0.372364	0.314552	0.304800	0.288467	0.282686	0.273682	0.617103
0.651881	0.496591	0.451803	0.409610	0.382159	0.357863	0.004041
0.620541	0.489729	0.442276	0.405313	0.382600	0.357541	0.190149
0.567648	0.443536	0.410848	0.378951	0.358278	0.334044	0.337513
0.432284	0.381553	0.373668	0.352717	0.333574	0.314405	0.451414
0.341963	0.336843	0.350606	0.333538	0.320765	0.306388	0.609818
0.677937	0.529296	0.466386	0.422910	0.391170	0.364433	0.012523
0.652226	0.547706	0.471313	0.427636	0.393567	0.365134	0.067628
0.599671	0.507899	0.447681	0.407594	0.378908	0.354724	0.230962
0.530906	0.450688	0.401336	0.371143	0.354308	0.333552	0.340858
0.272504	0.296119	0.340491	0.332382	0.321247	0.304083	0.569738
0.663338	0.542457	0.468070	0.427233	0.395940	0.369193	0.105398
0.662931	0.592029	0.507760	0.455301	0.419168	0.387047	0.238840
0.589972	0.515862	0.440917	0.399952	0.371637	0.346990	0.452383
0.641366	0.491655	0.425658	0.384773	0.364907	0.341702	0.032476
0.591788	0.508034	0.430308	0.382842	0.359929	0.335638	0.151055
0.509351	0.447042	0.392481	0.369236	0.349122	0.334345	0.254612
0.448881	0.408788	0.384961	0.360669	0.340690	0.321495	0.384169
0.394329	0.373876	0.366569	0.343881	0.329830	0.313344	0.487483
0.664304	0.513588	0.422246	0.382515	0.355855	0.330939	0.016972
0.573642	0.454028	0.385982	0.356957	0.329774	0.312858	0.273514
0.376603	0.336074	0.337759	0.318205	0.302788	0.287462	0.531660
0.270553	0.301983	0.343001	0.332288	0.310513	0.293262	0.654502
0.254318	0.302720	0.304432	0.280778	0.262743	0.251247	0.770318
0.647348	0.539502	0.444275	0.418753	0.382171	0.353647	0.031247
0.577342	0.477692	0.424393	0.401569	0.374371	0.351890	0.267004
0.498719	0.398172	0.355427	0.322320	0.302146	0.281983	0.508630
0.432837	0.329429	0.315876	0.298434	0.284837	0.274650	0.763424
0.295572	0.259626	0.252545	0.257770	0.240710	0.235872	0.907292
0.648222	0.538375	0.438752	0.407181	0.381001	0.357693	0.031954
0.599735	0.476277	0.401516	0.362388	0.342139	0.324996	0.193461
0.561624	0.468531	0.401673	0.362559	0.340836	0.321042	0.352432
0.502785	0.470431	0.425251	0.384493	0.359471	0.338278	0.505370
0.440476	0.409027	0.384381	0.359421	0.340334	0.323772	0.641992
0.599749	0.553300	0.474296	0.435516	0.401566	0.374799	0.058938
0.533865	0.481061	0.427309	0.403573	0.375472	0.350826	0.226532
0.464739	0.438525	0.423127	0.397942	0.378005	0.355461	0.461503
0.304512	0.335340	0.360150	0.361663	0.341058	0.330489	0.673304
0.268518	0.321670	0.293904	0.281657	0.285964	0.270012	0.965805
0.660256	0.552093	0.472183	0.418333	0.391378	0.369119	0.091671
0.621760	0.514998	0.472623	0.436474	0.397470	0.371289	0.305203
0.511158	0.475708	0.427159	0.413829	0.369238	0.347388	0.640590
0.763919	0.543780	0.470437	0.423325	0.387759	0.362839	0.022140
0.724394	0.499846	0.444126	0.405552	0.374216	0.351345	0.136921
0.657598	0.480595	0.432933	0.397274	0.370305	0.347127	0.295296
0.538530	0.418910	0.390511	0.358877	0.335228	0.318986	0.437237
0.357235	0.336557	0.343272	0.328642	0.313793	0.300072	0.536122
0.789773	0.552737	0.479738	0.430840	0.402894	0.374081	0.020702
0.825908	0.569139	0.488538	0.439008	0.404134	0.376173	0.078837
0.773907	0.558677	0.476941	0.428026	0.391955	0.363181	0.155843
0.476064	0.383594	0.351901	0.337270	0.319318	0.305250	0.429371
0.144412	0.266182	0.297317	0.292405	0.289281	0.277069	0.729901
0.802244	0.565706	0.476315	0.429147	0.397934	0.371165	0.065431
0.762930	0.557410	0.482793	0.427459	0.393671	0.367268	0.166944
0.670597	0.508093	0.422561	0.387348	0.358649	0.337196	0.247797
0.577065	0.488089	0.406290	0.366029	0.340395	0.322902	0.408123
0.356532	0.322097	0.320153	0.302002	0.294505	0.282096	0.682337
0.781069	0.552362	0.467622	0.418646	0.391479	0.367618	0.124647
0.753179	0.532440	0.465591	0.416036	0.385061	0.360062	0.290345
0.695218	0.510054	0.447559	0.399194	0.373017	0.348764	0.439697
0.582604	0.442115	0.399909	0.371824	0.351504	0.329211	0.571498
0.431311	0.367385	0.358530	0.341318	0.330379	0.312777	0.659032
0.772763	0.565088	0.484970	0.431898	0.400541	0.372568	0.074177
0.750482	0.583533	0.498073	0.444503	0.407580	0.379393	0.162926
0.706501	0.548378	0.477300	0.423737	0.388746	0.360530	0.295628
0.643661	0.490332	0.439391	0.400301	0.371220	0.350625	0.470207
0.393181	0.396046	0.395118	0.353203	0.335049	0.318290	0.654704
0.777653	0.570283	0.483935	0.434569	0.398563	0.366765	0.094336
0.762844	0.584692	0.496074	0.443408	0.405474	0.373603	0.265063
0.712973	0.547433	0.472175	0.417575	0.388397	0.361179	0.409732
0.688685	0.544188	0.481146	0.428642	0.394883	0.366430	0.506456
0.673715	0.582057	0.486584	0.430726	0.399266	0.370267	0.000000
0.632577	0.557169	0.475960	0.421321	0.390558	0.360984	0.056561
0.564299	0.530758	0.462710	0.421089	0.391180	0.362206	0.131855
0.514626	0.430911	0.394898	0.368123	0.346404	0.328475	0.267465
0.458128	0.421585	0.401115	0.369965	0.348006	0.328716	0.441762
0.680600	0.584020	0.485897	0.428586	0.394109	0.365644	0.000208
0.724555	0.605132	0.503222	0.439702	0.401050	0.371360	0.009289
0.679622	0.549292	0.465810	0.406341	0.379565	0.353654	0.037806
0.480991	0.432201	0.374152	0.336419	0.322713	0.304350	0.269258
0.226454	0.279063	0.273301	0.262643	0.260182	0.254627	0.638936
0.671020	0.587714	0.491636	0.430637	0.396283	0.369038	0.000208
0.702297	0.599505	0.498777	0.439881	0.404883	0.372809	0.044763
0.623935	0.562827	0.477118	0.413923	0.384669	0.356055	0.159952
0.612834	0.512190	0.446379	0.394715	0.366660	0.343805	0.394424
0.466485	0.374342	0.340017	0.317697	0.301116	0.284759	0.693041
0.686360	0.577250	0.487846	0.432585	0.399716	0.372447	0.017510
0.660816	0.580570	0.497930	0.442464	0.409382	0.377775	0.143125
0.615844	0.530924	0.465304	0.417714	0.387237	0.361110	0.322969
0.521307	0.470154	0.419538	0.384369	0.360490	0.338519	0.518165
0.438423	0.404760	0.379504	0.355138	0.338604	0.320454	0.672643
0.699994	0.616037	0.509899	0.443573	0.407398	0.377453	0.013494
0.699844	0.582764	0.493766	0.429590	0.395670	0.365917	0.078074
0.666347	0.558705	0.473541	0.418393	0.384723	0.357643	0.207243
0.588769	0.489219	0.438683	0.387453	0.362328	0.335375	0.350514
0.503157	0.438011	0.404113	0.359176	0.335906	0.315166	0.590394
0.685932	0.575836	0.490947	0.430877	0.398821	0.370464	0.023420
0.665540	0.579134	0.490078	0.435576	0.399617	0.373124	0.156705
0.626434	0.527370	0.460624	0.403387	0.372964	0.343143	0.369062
0.614765	0.524079	0.480406	0.422081	0.382970	0.359043	0.458282
0.480974	0.461537	0.429838	0.390638	0.366544	0.344852	0.012407
0.404445	0.394439	0.378140	0.351256	0.333032	0.317722	0.081070
0.405048	0.412435	0.366934	0.348408	0.329776	0.316503	0.183266
0.341634	0.362641	0.349967	0.335102	0.319506	0.303781	0.324758
0.279233	0.311212	0.317320	0.310027	0.298971	0.287927	0.467743
0.552661	0.507924	0.461862	0.419379	0.387263	0.362894	0.015565
0.558931	0.493557	0.448282	0.407706	0.376133	0.349297	0.063270
0.397826	0.366797	0.381883	0.353483	0.335207	0.320986	0.323963
0.232277	0.297095	0.323342	0.311729	0.300971	0.287305	0.567924
0.276878	0.321481	0.316312	0.318739	0.307417	0.294037	0.765559
0.526238	0.480506	0.443592	0.403064	0.375803	0.348573	0.014624
0.536321	0.460296	0.423064	0.381917	0.359180	0.335401	0.106412
0.457939	0.379871	0.361491	0.336630	0.321576	0.305474	0.380948
0.400841	0.343207	0.330834	0.309057	0.297807	0.285712	0.665182
0.309982	0.238499	0.242288	0.232856	0.234995	0.226788	0.820598
0.481950	0.458979	0.431974	0.394435	0.367697	0.344972	0.030943
0.456586	0.441648	0.410347	0.373817	0.352127	0.331352	0.208240
0.409914	0.424265	0.393527	0.361975	0.343056	0.324220	0.320127
0.336222	0.390320	0.363598	0.346270	0.329851	0.313883	0.513709
0.285931	0.357897	0.349524	0.335765	0.324068	0.308148	0.598478
0.496940	0.473316	0.443008	0.401078	0.374415	0.351486	0.047668
0.470906	0.445737	0.432898	0.387127	0.360720	0.341094	0.177046
0.451460	0.401803	0.390293	0.367284	0.349752	0.329137	0.359401
0.326895	0.321102	0.326425	0.302225	0.294411	0.283639	0.587549
0.243114	0.230980	0.244753	0.239021	0.234372	0.223544	0.790275
0.502227	0.485785	0.458548	0.411525	0.382129	0.355127	0.013177
0.478717	0.471605	0.442145	0.399363	0.370893	0.349804	0.142370
0.454118	0.454109	0.443040	0.401732	0.374701	0.351807	0.258125
0.452297	0.441537	0.420468	0.391020	0.364998	0.342083	0.323351
0.637048	0.531033	0.469032	0.412187	0.384292	0.355628	0.040322
0.612631	0.499446	0.447498	0.397227	0.373540	0.350411	0.069080
0.529946	0.488086	0.433791	0.396029	0.370348	0.345234	0.223948
0.429106	0.413295	0.385088	0.355741	0.336277	0.322140	0.401099
0.292957	0.338079	0.339542	0.324976	0.309759	0.298715	0.476060
0.616147	0.520535	0.469050	0.426390	0.393604	0.365962	0.022606
0.563696	0.475037	0.415082	0.375915	0.352152	0.332008	0.091709
0.416149	0.357034	0.334224	0.309574	0.301037	0.290033	0.362078
0.188319	0.237174	0.271018	0.262047	0.262550	0.257287	0.699263
0.242706	0.347184	0.322433	0.310561	0.297412	0.285110	0.827044
0.594036	0.494387	0.434037	0.396638	0.370935	0.346776	0.054907
0.578974	0.506464	0.452458	0.391592	0.363060	0.339673	0.150310
0.514643	0.410305	0.366888	0.332173	0.314383	0.300171	0.372920
0.392209	0.298374	0.317253	0.300933	0.284614	0.274662	0.723122
0.212969	0.212680	0.210698	0.218294	0.221237	0.216424	0.887085
0.598685	0.524726	0.465188	0.418668	0.390479	0.364440	0.086900
0.582039	0.499011	0.452299	0.406110	0.379092	0.350883	0.254457
0.505920	0.448795	0.403858	0.368745	0.347977	0.326692	0.490956
0.362710	0.378599	0.354728	0.334680	0.324426	0.310528	0.617730
0.281528	0.326647	0.326444	0.314475	0.303482	0.290663	0.735444
0.574748	0.485149	0.451618	0.404548	0.379065	0.358381	0.035081
0.541358	0.461296	0.436019	0.390166	0.364936	0.341991	0.172279
0.439876	0.453261	0.426676	0.388250	0.366120	0.345215	0.364939
0.220638	0.271149	0.321197	0.318259	0.305362	0.293461	0.606542
0.140514	0.233124	0.222996	0.220840	0.242564	0.249451	0.868067
0.598767	0.504993	0.477369	0.423584	0.391841	0.363643	0.061938
0.573403	0.475264	0.455579	0.396896	0.372471	0.350106	0.223733
0.531679	0.475259	0.453496	0.401980	0.375752	0.353706	0.369587
0.512526	0.482989	0.457191	0.398882	0.370435	0.349449	0.458626
0.564109	0.485923	0.431141	0.394687	0.368928	0.347103	0.050866
0.478782	0.425679	0.400991	0.364219	0.343176	0.326690	0.187574
0.403846	0.384994	0.362022	0.338975	0.328674	0.311705	0.322696
0.305748	0.323681	0.328506	0.314700	0.306085	0.294288	0.431555
0.272355	0.313994	0.328001	0.315315	0.306622	0.295537	0.544838
0.586176	0.473757	0.420751	0.382241	0.360194	0.337227	0.027168
0.543101	0.411738	0.373503	0.350841	0.332299	0.316348	0.098655
0.405503	0.350631	0.336306	0.311659	0.299907	0.287165	0.425072
0.158557	0.198226	0.253734	0.255005	0.252621	0.249511	0.744926
0.190306	0.286552	0.284728	0.276828	0.268147	0.256081	0.845802
0.566447	0.448579	0.403656	0.370741	0.351464	0.329729	0.031707
0.560640	0.446355	0.388742	0.353532	0.345688	0.325799	0.182316
0.502443	0.394932	0.335543	0.304001	0.309364	0.291659	0.434438
0.442945	0.365202	0.331299	0.316078	0.297453	0.285692	0.681236
0.252461	0.258592	0.253693	0.255966	0.250008	0.248678	0.885726
0.569065	0.470730	0.440921	0.401416	0.376524	0.350774	0.094844
0.530267	0.451352	0.422230	0.379318	0.353933	0.333700	0.309781
0.443200	0.443237	0.389074	0.362789	0.342088	0.322791	0.524452
0.331760	0.332319	0.325168	0.314599	0.303597	0.291325	0.653247
0.284449	0.316692	0.318075	0.309727	0.300017	0.290115	0.752071
0.558288	0.464682	0.435099	0.399012	0.370836	0.348413	0.087942
0.517332	0.436452	0.410781	0.377517	0.357219	0.338445	0.229960
0.477115	0.417570	0.381923	0.354816	0.340184	0.321743	0.380931
0.443017	0.395994	0.387732	0.347517	0.333400	0.315797	0.569354
0.219873	0.275057	0.247203	0.237471	0.234213	0.221801	0.845567
0.602648	0.490040	0.445427	0.397927	0.374251	0.350614	0.073889
0.582985	0.472338	0.425448	0.379914	0.360136	0.337677	0.198001
0.552354	0.453520	0.411294	0.381603	0.356767	0.336029	0.389842
0.531576	0.463737	0.417968	0.376388	0.353570	0.329333	0.470886
0.526200	0.405742	0.375385	0.326144	0.310456	0.302049	0.002501
0.490930	0.427178	0.389650	0.349580	0.329301	0.315953	0.105028
0.404836	0.386158	0.364087	0.334197	0.320848	0.303981	0.184517
0.340669	0.330822	0.326144	0.322698	0.313016	0.300549	0.381884
0.284972	0.314971	0.329016	0.322787	0.313138	0.300146	0.513078
0.548256	0.439691	0.427275	0.365550	0.325946	0.308088	0.013677
0.577065	0.444407	0.428968	0.364037	0.324881	0.309259	0.075115
0.424173	0.349045	0.331011	0.294390	0.267965	0.263032	0.300448
0.201716	0.225270	0.255890	0.240222	0.226473	0.225691	0.599293
0.243144	0.259259	0.292388	0.273090	0.251785	0.245102	0.829291
0.555755	0.429876	0.406612	0.355841	0.317380	0.301682	0.017065
0.510778	0.394988	0.363054	0.316996	0.290215	0.278184	0.171858
0.506595	0.367982	0.346599	0.303227	0.275779	0.269333	0.364208
0.407609	0.311104	0.303140	0.269141	0.246301	0.242514	0.670977
0.263995	0.216204	0.251222	0.237427	0.226234	0.221883	0.910231
0.527851	0.416892	0.383880	0.338334	0.321025	0.305735	0.032260
0.449050	0.384061	0.370392	0.333395	0.318138	0.302013	0.138743
0.396056	0.391483	0.377602	0.339602	0.323925	0.312270	0.335892
0.326231	0.398588	0.374376	0.345505	0.329761	0.316808	0.512508
0.232526	0.313255	0.312854	0.296331	0.289744	0.279249	0.738256
0.522705	0.406084	0.384633	0.330665	0.297729	0.281190	0.034108
0.483350	0.369366	0.369261	0.329912	0.298579	0.286722	0.188499
0.394337	0.365551	0.363056	0.323345	0.291674	0.282998	0.470544
0.242544	0.280358	0.297438	0.265099	0.241762	0.237819	0.670046
0.203400	0.230394	0.263430	0.246348	0.243236	0.234372	0.879711
0.527384	0.406855	0.391138	0.343370	0.312308	0.297016	0.056443
0.512063	0.413572	0.404466	0.352568	0.318565	0.299267	0.192126
0.463656	0.391287	0.400443	0.353175	0.317304	0.298632	0.370885
0.439989	0.379433	0.358059	0.314989	0.291303	0.281163	0.450367
0.729901	0.646041	0.539639	0.473739	0.431190	0.400146	0.032498
0.707456	0.591699	0.508612	0.454571	0.416543	0.386468	0.130996
0.667264	0.578290	0.499551	0.445774	0.410747	0.381075	0.258897
0.631674	0.500785	0.454520	0.412389	0.384457	0.358973	0.381888
0.537908	0.464808	0.444654	0.402225	0.379473	0.352688	0.512603
0.740145	0.645574	0.537570	0.463969	0.424744	0.392123	0.024131
0.762501	0.668273	0.559222	0.479929	0.435748	0.402553	0.042972
0.725884	0.633193	0.529007	0.449455	0.409165	0.378289	0.180693
0.434774	0.459554	0.406421	0.352121	0.329562	0.312633	0.537272
0.214143	0.263883	0.278008	0.267928	0.263216	0.250525	0.666299
0.748719	0.647580	0.543643	0.469787	0.425527	0.392062	0.018268
0.731853	0.593145	0.497012	0.446145	0.406964	0.376895	0.090044
0.660998	0.580815	0.489127	0.424151	0.392652	0.364561	0.306238
0.522657	0.447833	0.413081	0.380895	0.341516	0.320200	0.501412
0.418187	0.322775	0.337705	0.309551	0.288119	0.266776	0.753767
0.714730	0.620644	0.521440	0.459216	0.423112	0.393984	0.198400
0.702542	0.608906	0.517333	0.462036	0.421839	0.389919	0.296648
0.635578	0.575353	0.496716	0.446119	0.410665	0.379583	0.422267
0.577875	0.548953	0.484578	0.434587	0.397860	0.370842	0.546638
0.505271	0.456863	0.423067	0.390902	0.364441	0.340424	0.635856
0.752078	0.672706	0.551873	0.478403	0.437691	0.404866	0.011442
0.744735	0.666422	0.552049	0.477584	0.436927	0.404836	0.083287
0.689521	0.612740	0.517976	0.465353	0.424171	0.392126	0.241583
0.569336	0.532696	0.468633	0.415861	0.384399	0.360270	0.415576
0.308444	0.348381	0.380363	0.344344	0.323186	0.302895	0.657591
0.743986	0.658344	0.539906	0.469170	0.431861	0.399775	0.124708
0.730405	0.664081	0.557408	0.481849	0.437540	0.406277	0.289588
0.691447	0.572683	0.504049	0.436195	0.404771	0.380452	0.392930
0.680731	0.577280	0.504692	0.440607	0.401667	0.375154	0.505777
0.549151	0.542511	0.482473	0.424060	0.391362	0.362845	0.031449
0.533545	0.563484	0.492161	0.435956	0.399835	0.371679	0.135602
0.457584	0.539392	0.469625	0.422866	0.389742	0.366559	0.236730
0.404357	0.448009	0.412618	0.379045	0.356369	0.332447	0.355141
0.319201	0.351273	0.355191	0.345105	0.330144	0.313971	0.463235
0.558393	0.547354	0.480328	0.419277	0.388718	0.362960	0.019647
0.588730	0.573658	0.502886	0.440199	0.408236	0.377875	0.124728
0.572215	0.578913	0.483376	0.427146	0.397946	0.371857	0.307087
0.207366	0.261346	0.298217	0.282490	0.277078	0.269671	0.663131
0.231409	0.345372	0.336356	0.308138	0.294472	0.284307	0.780081
0.545564	0.542858	0.502316	0.441924	0.405823	0.380206	0.004010
0.551924	0.506570	0.439629	0.396537	0.368564	0.345174	0.080263
0.512230	0.416922	0.385969	0.348824	0.326059	0.310296	0.391021
0.392395	0.313309	0.310509	0.284429	0.277688	0.270212	0.605435
0.270393	0.250446	0.288022	0.274941	0.270325	0.264929	0.836572
0.558197	0.543586	0.486858	0.430558	0.398247	0.372457	0.021546
0.554314	0.549942	0.480288	0.427546	0.394411	0.367412	0.179984
0.501367	0.543923	0.479403	0.425450	0.394595	0.365378	0.355739
0.450112	0.503917	0.445456	0.408298	0.381361	0.355312	0.574764
0.386356	0.463306	0.425127	0.388916	0.363038	0.340573	0.701658
0.544130	0.544541	0.486554	0.433471	0.401445	0.375621	0.046042
0.489282	0.507012	0.449460	0.403505	0.377311	0.351452	0.161031
0.378632	0.421189	0.404367	0.367224	0.345958	0.328012	0.394708
0.270168	0.327931	0.367062	0.333062	0.316560	0.305995	0.549160
0.179458	0.243129	0.248215	0.252400	0.259671	0.257007	0.769242
0.530819	0.531623	0.470687	0.419535	0.390566	0.363668	0.080630
0.519887	0.505754	0.466192	0.413002	0.383163	0.357220	0.184374
0.501829	0.512412	0.471221	0.426437	0.393064	0.363638	0.332786
0.493088	0.487216	0.451648	0.409722	0.375895	0.348391	0.410194
0.529433	0.533318	0.482674	0.420360	0.388890	0.363702	0.018848
0.485230	0.503654	0.444309	0.397353	0.368356	0.343608	0.063487
0.407281	0.423160	0.388044	0.356664	0.336786	0.323371	0.211740
0.342798	0.349557	0.340489	0.328034	0.312014	0.299760	0.293439
0.300536	0.337822	0.342474	0.326410	0.315397	0.300975	0.434127
0.542746	0.539515	0.480578	0.418814	0.384005	0.358351	0.021858
0.497085	0.488751	0.464147	0.409572	0.380010	0.356060	0.059661
0.406496	0.435645	0.385530	0.347703	0.329445	0.311943	0.260905
0.224702	0.369418	0.360639	0.331587	0.316244	0.305547	0.555248
0.150907	0.273920	0.298178	0.278632	0.269987	0.263512	0.710816
0.507013	0.549156	0.497807	0.431037	0.395211	0.369680	0.004027
0.456183	0.451553	0.416303	0.375739	0.353171	0.330422	0.077840
0.423536	0.417454	0.407521	0.362456	0.339931	0.321847	0.187381
0.331406	0.338289	0.341253	0.323542	0.310681	0.298268	0.555400
0.280196	0.273945	0.298879	0.273059	0.271192	0.265718	0.756591
0.547603	0.541351	0.481724	0.415539	0.386162	0.359610	0.047634
0.491133	0.505107	0.445899	0.395007	0.367977	0.343209	0.224576
0.443752	0.457347	0.414135	0.373940	0.351126	0.332226	0.411411
0.347033	0.385172	0.355460	0.337445	0.324634	0.307155	0.536042
0.259049	0.322194	0.312746	0.304078	0.295101	0.286278	0.679135
0.498417	0.480200	0.460568	0.410458	0.380611	0.356211	0.019751
0.401877	0.404589	0.411547	0.377810	0.351878	0.333298	0.139744
0.286218	0.317691	0.363181	0.337560	0.322904	0.309237	0.300325
0.180477	0.275929	0.318955	0.298633	0.298575	0.287422	0.459809
0.196445	0.261817	0.336783	0.310845	0.302024	0.292074	0.696410
0.517405	0.499274	0.487607	0.429684	0.399619	0.371821	0.040660
0.504476	0.489814	0.471187	0.412096	0.378850	0.352810	0.220943
0.472803	0.441937	0.419312	0.390940	0.364540	0.344035	0.319527
0.451782	0.431321	0.419933	0.384814	0.358382	0.337694	0.378758
0.435765	0.414551	0.373084	0.338972	0.322956	0.307607	0.039306
0.383446	0.380961	0.346026	0.321975	0.309781	0.295588	0.205564
0.307972	0.333338	0.318929	0.309250	0.304476	0.292717	0.302095
0.281097	0.333321	0.343569	0.329016	0.317404	0.304317	0.409396
0.260333	0.297048	0.315480	0.308270	0.296473	0.283259	0.515154
0.511937	0.418623	0.379436	0.340898	0.301050	0.287358	0.031170
0.242430	0.260607	0.240267	0.234900	0.229905	0.227921	0.436003
0.188621	0.221833	0.250834	0.247987	0.238994	0.232843	0.693030
0.248710	0.270179	0.280212	0.269871	0.256483	0.240109	0.884946
0.248710	0.270179	0.280212	0.269871	0.256483	0.240109	0.917643
0.467285	0.415808	0.397998	0.365278	0.329052	0.303614	0.023928
0.391973	0.317707	0.330416	0.314687	0.286446	0.273171	0.300653
0.333735	0.259923	0.253591	0.243060	0.229844	0.222820	0.655226
0.243982	0.248244	0.223170	0.229505	0.216021	0.211288	0.850891
0.212197	0.225035	0.238604	0.225615	0.220871	0.215401	1.000000
0.484717	0.458007	0.409321	0.371546	0.351138	0.326712	0.119233
0.425142	0.435328	0.378617	0.343825	0.326743	0.313220	0.339214
0.379899	0.438879	0.394141	0.352883	0.337494	0.318184	0.531446
0.337352	0.396620	0.365859	0.342425	0.326000	0.310088	0.617306
0.313826	0.365557	0.354032	0.335225	0.320211	0.307120	0.721442
0.420408	0.400493	0.387130	0.362174	0.329029	0.305913	0.073076
0.327287	0.281539	0.317971	0.304084	0.275965	0.255454	0.308526
0.212421	0.275605	0.264202	0.260469	0.262650	0.252630	0.725918
0.254304	0.393324	0.373938	0.356840	0.333832	0.322667	0.962783
0.302935	0.435699	0.406414	0.414116	0.376860	0.348271	0.999409
0.507396	0.457525	0.407906	0.372700	0.341648	0.326449	0.052038
0.493019	0.451351	0.408453	0.369238	0.331315	0.314436	0.130973
0.484848	0.450030	0.429098	0.404692	0.355030	0.322370	0.272601
0.475474	0.452990	0.442794	0.420642	0.372759	0.343000	0.413102
0.650594	0.524486	0.443510	0.390614	0.363428	0.341935	0.042131
0.587276	0.523319	0.443892	0.394648	0.367957	0.346712	0.179278
0.519447	0.509630	0.441820	0.403189	0.376422	0.351564	0.325552
0.447364	0.421477	0.396338	0.371260	0.350353	0.329764	0.457659
0.423408	0.402974	0.395110	0.362508	0.343241	0.326992	0.548982
0.654699	0.534959	0.442784	0.397410	0.366858	0.343826	0.043167
0.670663	0.556095	0.458791	0.410058	0.380200	0.356664	0.117386
0.696538	0.554467	0.450965	0.381106	0.352306	0.329421	0.341719
0.284482	0.319682	0.311986	0.287357	0.275597	0.268898	0.721518
0.273861	0.318743	0.311425	0.289165	0.269613	0.261264	0.826071
0.669387	0.541908	0.462180	0.403466	0.372403	0.351084	0.058402
0.682727	0.518159	0.445731	0.417612	0.391375	0.366939	0.178501
0.655823	0.502612	0.413303	0.376884	0.340749	0.329086	0.391255
0.451267	0.339597	0.314062	0.294097	0.280403	0.273980	0.606085
0.240333	0.216130	0.234843	0.230973	0.221972	0.230401	0.888810
0.628663	0.544090	0.463180	0.404734	0.376480	0.351364	0.224163
0.602250	0.523154	0.451149	0.401156	0.372143	0.346908	0.369215
0.557807	0.546381	0.462982	0.408283	0.382478	0.357746	0.539079
0.521168	0.489500	0.438981	0.401717	0.374194	0.349320	0.606823
0.493904	0.504452	0.454540	0.413066	0.384022	0.356405	0.734220
0.661599	0.546012	0.490732	0.415278	0.382003	0.357009	0.086547
0.639283	0.511450	0.455635	0.404932	0.371052	0.346020	0.190692
0.570797	0.485747	0.422433	0.391432	0.365140	0.346243	0.306891
0.376581	0.372992	0.385428	0.346632	0.320083	0.310287	0.547604
0.170140	0.237653	0.233657	0.243860	0.249345	0.245047	0.845918
0.627491	0.516924	0.458842	0.406814	0.374155	0.353385	0.093578
0.601294	0.514497	0.492094	0.453181	0.413684	0.383924	0.260493
0.582152	0.509583	0.488197	0.461388	0.421184	0.393041	0.401872
0.565654	0.507571	0.473156	0.443369	0.404451	0.375614	0.465398
0.740455	0.632428	0.523793	0.455176	0.417132	0.383965	0.035196
0.704712	0.636225	0.530993	0.456072	0.419120	0.385781	0.165720
0.597173	0.549974	0.467217	0.421566	0.391695	0.365276	0.321872
0.508655	0.425457	0.399900	0.370892	0.347709	0.326932	0.419232
0.404937	0.382291	0.367900	0.347160	0.333080	0.318884	0.577175
0.761509	0.631846	0.537830	0.465781	0.422792	0.390750	0.046621
0.690905	0.555208	0.469481	0.400107	0.363719	0.340698	0.369293
0.221263	0.299175	0.340652	0.314468	0.294446	0.282163	0.713532
0.200898	0.278429	0.321543	0.282890	0.264855	0.251906	0.775962
0.216968	0.301063	0.311689	0.287000	0.268432	0.255211	0.891153
0.749226	0.632883	0.545623	0.469654	0.422389	0.390584	0.032796
0.687696	0.580487	0.488432	0.419823	0.372268	0.353330	0.313328
0.505767	0.398689	0.375169	0.340385	0.316192	0.314416	0.572300
0.315545	0.275963	0.299422	0.279739	0.258399	0.259730	0.837374
0.225117	0.212134	0.230003	0.228883	0.233102	0.229645	0.967152
0.727419	0.645581	0.536483	0.452616	0.417086	0.388704	0.072390
0.667616	0.602486	0.500620	0.431401	0.400261	0.373508	0.365700
0.579720	0.549951	0.474378	0.418135	0.390501	0.367197	0.586326
0.432575	0.450888	0.409628	0.371200	0.351292	0.331794	0.696730
0.349653	0.353914	0.354008	0.334061	0.323698	0.307636	0.816409
0.696094	0.615232	0.520371	0.454060	0.406036	0.378191	0.075406
0.645854	0.566762	0.508305	0.436409	0.391403	0.365068	0.292512
0.513797	0.486536	0.468490	0.429709	0.395149	0.370334	0.558793
0.281273	0.334194	0.343144	0.315032	0.307747	0.300733	0.817972
0.206805	0.293041	0.291604	0.277848	0.287114	0.279702	0.962827
0.733527	0.653629	0.556220	0.474853	0.431955	0.398333	0.090613
0.694734	0.604538	0.546528	0.465971	0.415419	0.388494	0.314752
0.529826	0.534544	0.491405	0.440449	0.397410	0.367731	0.625270
0.689887	0.588278	0.490538	0.437570	0.403618	0.373839	0.028644
0.628298	0.557013	0.478505	0.431486	0.402174	0.373973	0.090283
0.564360	0.468028	0.427342	0.395174	0.371112	0.348348	0.219874
0.489168	0.432782	0.402913	0.376648	0.355147	0.335036	0.341872
0.404069	0.371982	0.367165	0.347315	0.332684	0.315950	0.450259
0.678383	0.565770	0.474872	0.422393	0.390857	0.366345	0.026266
0.701197	0.559631	0.467416	0.420400	0.387763	0.361091	0.057287
0.656341	0.498156	0.423744	0.382295	0.356110	0.334580	0.168480
0.381292	0.370297	0.337981	0.300678	0.296696	0.284537	0.578454
0.206916	0.273489	0.290018	0.272017	0.267265	0.258805	0.726540
0.704922	0.576579	0.484208	0.440597	0.407709	0.379419	0.035962
0.667333	0.518221	0.439100	0.401512	0.375017	0.352202	0.164425
0.613756	0.475968	0.411665	0.361517	0.339687	0.323484	0.349715
0.530913	0.428109	0.373790	0.326362	0.312828	0.297675	0.533182
0.410513	0.335172	0.300816	0.275054	0.266757	0.259309	0.763933
0.683071	0.575368	0.481550	0.425677	0.391197	0.365933	0.067151
0.626115	0.526900	0.461332	0.415225	0.383808	0.356929	0.293905
0.545044	0.490388	0.438037	0.398993	0.374667	0.350313	0.432026
0.480132	0.407181	0.376324	0.353227	0.334777	0.317695	0.586492
0.328411	0.337989	0.337828	0.319247	0.306837	0.293783	0.700958
0.722495	0.594435	0.491922	0.433054	0.399498	0.371369	0.036354
0.718392	0.559106	0.462063	0.411064	0.380869	0.355857	0.115158
0.668935	0.506178	0.430001	0.384014	0.355817	0.331097	0.229825
0.589014	0.461669	0.403691	0.359177	0.341772	0.323425	0.406963
0.410160	0.363543	0.328528	0.295226	0.283560	0.278236	0.605860
0.709737	0.609334	0.505634	0.443549	0.406750	0.378275	0.056003
0.679262	0.567087	0.481785	0.426206	0.393693	0.366799	0.214995
0.624094	0.473355	0.420170	0.367257	0.348168	0.331761	0.433002
0.581762	0.452552	0.415208	0.354272	0.334934	0.321230	0.497138
0.634544	0.566767	0.489165	0.429757	0.398580	0.370751	0.019981
0.585003	0.553349	0.466391	0.407112	0.377930	0.357974	0.119220
0.451986	0.437570	0.398641	0.369499	0.346787	0.327701	0.198715
0.347074	0.366609	0.356955	0.338452	0.320523	0.304955	0.329355
0.335977	0.335529	0.340038	0.330053	0.315167	0.301555	0.435649
0.647262	0.596980	0.499882	0.444729	0.408865	0.380378	0.015467
0.643284	0.489001	0.409697	0.361025	0.329984	0.316125	0.128719
0.247522	0.301854	0.306628	0.282992	0.276332	0.267740	0.488430
0.213098	0.297474	0.311718	0.296606	0.274470	0.263534	0.689535
0.220857	0.334536	0.325237	0.311596	0.285153	0.270964	0.775016
0.654200	0.539865	0.472367	0.412942	0.365746	0.342816	0.001972
0.579375	0.444594	0.391882	0.353271	0.321431	0.317926	0.162116
0.404001	0.306673	0.298570	0.275874	0.253307	0.259352	0.531665
0.240390	0.209829	0.232932	0.225770	0.227054	0.234709	0.802320
0.201905	0.216101	0.219695	0.217933	0.223033	0.221805	0.984200
0.609652	0.588539	0.496157	0.438281	0.403587	0.374808	0.038818
0.540675	0.535910	0.464739	0.400838	0.374554	0.352371	0.172603
0.482305	0.522797	0.462738	0.410752	0.383212	0.357724	0.344786
0.375512	0.411842	0.378722	0.349193	0.333053	0.317047	0.538384
0.292963	0.333479	0.339522	0.326491	0.318732	0.304529	0.653117
0.607519	0.554391	0.457969	0.410856	0.379708	0.358401	0.060455
0.557978	0.470702	0.415563	0.385511	0.362232	0.340401	0.234857
0.418222	0.405649	0.386539	0.346981	0.325166	0.315011	0.518088
0.221241	0.277316	0.281585	0.270409	0.272982	0.273955	0.747465
0.169434	0.286842	0.284114	0.262793	0.268407	0.280072	0.932888
0.635273	0.588008	0.511011	0.451652	0.414938	0.386742	0.079246
0.612514	0.555377	0.473922	0.420166	0.386850	0.362215	0.198892
0.587096	0.538378	0.501558	0.450174	0.401485	0.381694	0.406588
0.543695	0.497221	0.465431	0.425531	0.389594	0.365684	0.554236
0.695875	0.541799	0.460803	0.401426	0.376348	0.355817	0.017592
0.630564	0.476083	0.407413	0.377727	0.354366	0.333782	0.098451
0.532629	0.446824	0.392649	0.359773	0.341521	0.326823	0.213596
0.460783	0.423665	0.379517	0.358631	0.339469	0.319809	0.346756
0.376438	0.366103	0.353833	0.332572	0.319244	0.303150	0.472459
0.720932	0.551965	0.477205	0.419594	0.390157	0.362246	0.037552
0.717632	0.529844	0.452060	0.390929	0.364502	0.342965	0.107661
0.649233	0.487943	0.417395	0.374548	0.351408	0.332057	0.229410
0.244515	0.312220	0.316512	0.294533	0.289760	0.279828	0.589821
0.245084	0.300372	0.307266	0.285057	0.269376	0.265141	0.730394
0.675232	0.528092	0.455217	0.396151	0.367538	0.347566	0.045103
0.634718	0.516513	0.439969	0.387577	0.363301	0.339572	0.114308
0.609846	0.489372	0.417062	0.367716	0.347447	0.328911	0.317298
0.468978	0.365501	0.341310	0.306162	0.298373	0.286192	0.547713
0.346383	0.267854	0.284179	0.275372	0.264462	0.261575	0.771946
0.695569	0.568885	0.482196	0.425100	0.395143	0.368943	0.064548
0.661965	0.559100	0.477579	0.430309	0.399058	0.374045	0.202910
0.557637	0.477008	0.407190	0.376156	0.352485	0.332899	0.371083
0.454838	0.395338	0.361480	0.338266	0.325999	0.309619	0.600194
0.308844	0.322972	0.307424	0.299867	0.290959	0.280909	0.683021
0.700873	0.537944	0.464884	0.403969	0.377498	0.351325	0.056444
0.664610	0.518393	0.453583	0.405204	0.381613	0.355795	0.206285
0.542212	0.442649	0.413967	0.361394	0.336978	0.319163	0.348899
0.380820	0.340897	0.338178	0.300432	0.292016	0.284086	0.521398
0.256945	0.285763	0.323906	0.297145	0.279300	0.270741	0.718836
0.684896	0.517321	0.449001	0.399606	0.376898	0.353186	0.055548
0.611445	0.483642	0.413809	0.369380	0.350171	0.333450	0.202823
0.527011	0.452648	0.416972	0.364163	0.343074	0.328615	0.331716
0.502208	0.425420	0.416495	0.363500	0.336568	0.320126	0.385333
0.566346	0.555520	0.482686	0.423166	0.393224	0.369857	0.051841
0.533013	0.509015	0.446295	0.399471	0.373164	0.351705	0.197147
0.471974	0.460717	0.413834	0.380922	0.359969	0.338190	0.288616
0.402454	0.382429	0.379471	0.350397	0.335016	0.315274	0.409103
0.374195	0.352013	0.349641	0.337752	0.324626	0.309277	0.489830
0.605011	0.561609	0.506328	0.449101	0.415108	0.384359	0.031199
0.544820	0.530042	0.469550	0.412342	0.380606	0.355212	0.118715
0.463683	0.411113	0.369655	0.334202	0.316580	0.302207	0.348318
0.257341	0.278930	0.290704	0.264342	0.264581	0.255497	0.621443
0.192336	0.257822	0.278608	0.272872	0.263604	0.254943	0.782590
0.569249	0.524184	0.452719	0.402614	0.374222	0.351631	0.042023
0.554174	0.493488	0.441785	0.390690	0.360487	0.340147	0.121537
0.532739	0.439169	0.388549	0.352360	0.333352	0.314756	0.403444
0.436025	0.375154	0.343155	0.317461	0.295194	0.286742	0.641080
0.258854	0.262193	0.271977	0.274832	0.262906	0.257676	0.896614
0.585793	0.546946	0.476550	0.418334	0.387146	0.357838	0.098706
0.544536	0.562070	0.477358	0.419714	0.390901	0.362244	0.262388
0.534872	0.517165	0.455821	0.413761	0.387636	0.360234	0.490339
0.431472	0.437041	0.401202	0.371054	0.350247	0.330401	0.638011
0.289055	0.331282	0.325682	0.313288	0.300103	0.290041	0.741920
0.549077	0.520702	0.458391	0.399769	0.370640	0.344396	0.086440
0.471149	0.510465	0.467947	0.417321	0.387144	0.357915	0.198053
0.412571	0.431807	0.442406	0.400265	0.363108	0.341185	0.419918
0.307397	0.294937	0.353184	0.331325	0.305512	0.292737	0.616310
0.205210	0.275150	0.267966	0.268160	0.275882	0.269093	0.833920
0.562805	0.529617	0.469314	0.419942	0.389022	0.364228	0.068355
0.523185	0.537332	0.474649	0.420526	0.389758	0.364400	0.172780
0.452746	0.502310	0.461676	0.410908	0.380637	0.353486	0.409342
0.427509	0.467574	0.424019	0.388592	0.365250	0.344015	0.468556
