0.670875	0.543215	0.473090	0.455173	0.438520	0.403850	12.692083
0.659786	0.570123	0.488134	0.465639	0.443024	0.410555	30.570702
0.495963	0.425400	0.379155	0.371317	0.363084	0.343824	67.090454
0.659452	0.555546	0.475464	0.451913	0.431780	0.401474	15.242824
0.597486	0.516446	0.443638	0.422936	0.406736	0.378221	40.049850
0.386908	0.318902	0.333934	0.325439	0.325998	0.314218	82.732895
0.271462	0.280426	0.290794	0.315358	0.332127	0.321050	63.690731
0.492782	0.422863	0.377483	0.377155	0.376367	0.356221	53.279682
0.567606	0.492732	0.419899	0.410510	0.400832	0.374909	43.039555
0.247057	0.289590	0.309355	0.326403	0.330729	0.316921	84.886101
0.220619	0.265084	0.280373	0.292011	0.310101	0.303233	83.033592
0.672868	0.574471	0.484763	0.456380	0.441267	0.406966	28.550255
0.684750	0.545208	0.462904	0.444039	0.433427	0.401549	17.780630
0.310714	0.324770	0.326686	0.341583	0.347201	0.330952	74.635689
0.505891	0.425575	0.392471	0.387782	0.386704	0.362091	45.829079
0.442132	0.386476	0.371817	0.372440	0.374358	0.353667	105.101662
0.617304	0.535618	0.459298	0.443395	0.431593	0.401142	23.508406
0.317317	0.340185	0.340870	0.356288	0.361024	0.344805	65.706985
0.535127	0.475087	0.446358	0.422204	0.408154	0.379895	43.117523
0.370590	0.388090	0.384452	0.367085	0.366288	0.345467	59.727974
0.637044	0.585961	0.504436	0.472460	0.450344	0.417231	20.198885
0.591442	0.521110	0.467666	0.449866	0.432558	0.403085	29.841331
0.580579	0.515941	0.471971	0.451069	0.430982	0.400335	29.318470
0.212857	0.237365	0.274297	0.270661	0.259417	0.252391	99.586510
0.644041	0.581228	0.499656	0.473354	0.454029	0.419575	52.327717
0.666913	0.569405	0.483129	0.462787	0.448301	0.416365	33.162148
0.693636	0.569446	0.473483	0.452742	0.439722	0.408266	10.492456
0.608508	0.473615	0.420921	0.412757	0.403438	0.375821	48.840839
0.443597	0.343151	0.333029	0.324918	0.316477	0.304733	75.200851
0.658979	0.485392	0.429585	0.396017	0.381802	0.356599	43.696255
0.407458	0.335023	0.329007	0.324991	0.320844	0.306773	79.847481
0.653573	0.512353	0.440861	0.411979	0.389216	0.365229	22.538784
0.549591	0.448321	0.401402	0.376962	0.364105	0.340275	49.973083
0.642398	0.494300	0.436922	0.406411	0.386322	0.362167	12.116677
0.242575	0.259229	0.298715	0.302461	0.304367	0.291026	72.057503
0.506201	0.401830	0.361829	0.355852	0.351208	0.330043	45.829014
0.242575	0.259229	0.298715	0.302461	0.304367	0.291026	67.837715
0.695047	0.529024	0.452829	0.417248	0.399957	0.372643	18.143108
0.200196	0.280104	0.319456	0.310805	0.307664	0.296410	93.036530
0.190342	0.263529	0.311512	0.311587	0.311772	0.301262	88.220932
0.693063	0.502503	0.437055	0.410111	0.391052	0.364765	32.713131
0.308676	0.344416	0.347152	0.340154	0.340731	0.325277	71.212181
0.522456	0.436376	0.398540	0.377705	0.367920	0.344523	34.502918
0.416927	0.374738	0.361362	0.349741	0.344340	0.329617	50.194324
0.303206	0.326194	0.342117	0.337404	0.335256	0.321419	76.090820
0.402183	0.377697	0.358517	0.349172	0.339198	0.321513	106.173355
0.633494	0.534289	0.478919	0.438824	0.411101	0.382946	28.180912
0.467669	0.381325	0.384487	0.364596	0.355574	0.336645	60.859089
0.593852	0.493640	0.441911	0.409457	0.389602	0.364545	37.069668
0.581116	0.495283	0.463175	0.427750	0.406326	0.379715	42.393658
0.686485	0.536445	0.465048	0.428963	0.404271	0.375733	17.750595
0.385562	0.322963	0.340924	0.318164	0.305155	0.292802	84.844055
0.194451	0.304924	0.324317	0.329417	0.324208	0.309649	102.670471
0.476692	0.442689	0.399282	0.382838	0.371705	0.347899	49.219868
0.635756	0.499778	0.449579	0.413740	0.392200	0.363779	11.099090
0.632767	0.503275	0.436943	0.408585	0.390796	0.365985	16.083410
0.661332	0.487839	0.396084	0.364106	0.359261	0.342550	46.684097
0.608401	0.417415	0.366763	0.349316	0.347775	0.335671	63.644936
0.635419	0.478933	0.387507	0.364692	0.355984	0.338669	52.785637
0.553796	0.391699	0.339297	0.350295	0.340085	0.321361	71.450729
0.789208	0.598488	0.484054	0.446207	0.425475	0.397067	5.003953
0.732662	0.550304	0.448830	0.416085	0.400202	0.377470	31.277514
0.606793	0.450109	0.404115	0.390244	0.383101	0.360075	41.479053
0.606793	0.450109	0.404115	0.390244	0.383101	0.360075	46.146809
0.606793	0.450109	0.404115	0.390244	0.383101	0.360075	42.043201
0.795563	0.583404	0.475187	0.443799	0.429107	0.398594	13.703159
0.228325	0.242064	0.266156	0.285756	0.293904	0.289237	88.142349
0.790574	0.558265	0.451196	0.427096	0.419632	0.392272	28.821989
0.242073	0.241288	0.263107	0.272758	0.283210	0.275904	89.642235
0.436493	0.385704	0.371449	0.370662	0.371205	0.351242	105.364166
0.635502	0.493203	0.445903	0.425867	0.416016	0.389386	37.341496
0.262656	0.288307	0.296027	0.314286	0.327371	0.314716	78.470856
0.725995	0.564727	0.462636	0.437284	0.424272	0.394822	22.884871
0.330408	0.328092	0.327122	0.343793	0.348315	0.334903	70.503281
0.657816	0.485873	0.414125	0.396093	0.397561	0.369797	28.459238
0.738361	0.568163	0.485536	0.452339	0.438143	0.404744	21.680338
0.650190	0.482378	0.421778	0.399449	0.397252	0.373343	33.289589
0.444927	0.397121	0.363053	0.348764	0.336805	0.322763	60.106972
0.581596	0.427519	0.387987	0.373919	0.367409	0.347847	48.955643
0.602226	0.418676	0.377686	0.369894	0.362957	0.339982	59.220409
0.450574	0.322262	0.316092	0.321489	0.318508	0.307048	73.461845
0.338680	0.282325	0.282256	0.305419	0.318134	0.304675	69.505882
0.258733	0.238228	0.266203	0.270001	0.265363	0.264355	89.796112
0.782163	0.605820	0.499963	0.465470	0.447263	0.413465	8.049363
0.707749	0.523850	0.435882	0.417811	0.385556	0.365886	13.501078
0.679846	0.521200	0.437431	0.409088	0.376433	0.353997	24.826624
0.651530	0.506509	0.427984	0.387714	0.356002	0.340229	42.369320
0.606438	0.472093	0.413513	0.388204	0.360706	0.345530	58.559097
0.539332	0.400076	0.362572	0.353798	0.329838	0.320085	64.205635
0.696603	0.547235	0.450910	0.397902	0.368068	0.350821	12.564946
0.663241	0.516098	0.435978	0.393326	0.374973	0.357057	30.002609
0.678952	0.517812	0.432483	0.390609	0.369116	0.350866	33.966358
0.295874	0.299188	0.302473	0.295508	0.286348	0.276988	91.830727
0.295874	0.299188	0.302473	0.295508	0.286348	0.276988	91.343498
0.250599	0.272157	0.280510	0.266164	0.264146	0.261491	70.024635
0.626168	0.513426	0.448236	0.416484	0.401660	0.378679	18.611095
0.447718	0.383926	0.361799	0.366075	0.371059	0.350812	97.269470
0.420921	0.386692	0.367001	0.375043	0.377197	0.356838	51.670246
0.519212	0.456473	0.419913	0.401714	0.397391	0.372918	38.085102
0.341062	0.339480	0.340215	0.349295	0.358952	0.342140	63.451832
0.598063	0.481922	0.412971	0.386545	0.354708	0.340466	42.127766
0.624795	0.520214	0.440494	0.418030	0.387415	0.368040	22.963593
0.374436	0.377210	0.368897	0.347631	0.321558	0.306382	75.364975
0.457070	0.449873	0.419039	0.383757	0.364502	0.343777	65.582756
0.550883	0.470875	0.419281	0.407958	0.377175	0.358228	57.781212
0.316176	0.294868	0.295541	0.286768	0.279445	0.281522	90.827148
0.460450	0.373550	0.364728	0.327403	0.316504	0.310604	75.449722
0.581815	0.445519	0.383311	0.355993	0.336633	0.325613	59.172592
0.667788	0.532595	0.443287	0.423770	0.386483	0.368419	31.059872
0.659820	0.520994	0.437948	0.415746	0.389966	0.371018	45.105968
0.674265	0.513743	0.444131	0.414479	0.389789	0.364036	29.392250
0.547321	0.440555	0.380363	0.346921	0.328267	0.316478	79.167435
0.665794	0.531434	0.460524	0.428110	0.399754	0.374889	43.661388
0.641355	0.504826	0.446527	0.402604	0.382561	0.363640	52.154629
0.686395	0.496025	0.419969	0.411191	0.382789	0.362429	11.469739
0.426408	0.373851	0.366952	0.330056	0.312633	0.299575	85.995804
0.689784	0.519685	0.442040	0.397356	0.372407	0.352709	4.326856
0.335378	0.326248	0.334363	0.314403	0.305618	0.292845	67.778114
0.335378	0.326248	0.334363	0.314403	0.305618	0.292845	67.402779
0.232132	0.269685	0.285677	0.288605	0.281074	0.271086	90.007851
0.663621	0.525661	0.455304	0.421179	0.396598	0.370988	20.934069
0.597170	0.518961	0.451862	0.419405	0.402845	0.378682	14.775416
0.424289	0.368243	0.357282	0.348878	0.342767	0.325057	104.408012
0.318230	0.350036	0.337875	0.337297	0.335183	0.321120	63.459320
0.496696	0.480240	0.410584	0.380956	0.368188	0.346809	39.713467
0.254978	0.302046	0.301623	0.308763	0.310252	0.298134	67.639679
0.476554	0.426664	0.406833	0.373734	0.352727	0.336117	54.795849
0.586262	0.510393	0.456646	0.407512	0.379830	0.361545	32.455334
0.396595	0.372228	0.338961	0.315030	0.304729	0.297710	68.540581
0.525023	0.442070	0.399090	0.366339	0.348637	0.331812	43.224949
0.643593	0.524262	0.466487	0.426308	0.399221	0.377951	17.156424
0.537913	0.407265	0.378923	0.357909	0.340932	0.326129	60.849735
0.648307	0.510569	0.453366	0.416572	0.388840	0.368178	37.963932
0.549992	0.452489	0.400783	0.364412	0.343140	0.327295	67.648010
0.662182	0.508901	0.465948	0.423024	0.390347	0.371436	9.516793
0.666897	0.505487	0.428718	0.383770	0.360581	0.344698	12.867990
0.495199	0.378526	0.335885	0.326791	0.329392	0.316475	73.091743
0.473285	0.369421	0.326943	0.311653	0.311597	0.299499	77.325119
0.753877	0.534743	0.439595	0.404757	0.390698	0.364903	42.538559
0.776444	0.550765	0.475572	0.435627	0.412636	0.388776	25.723921
0.658160	0.478692	0.389079	0.373873	0.367914	0.343148	57.388157
0.273188	0.309321	0.317518	0.312972	0.318624	0.303990	72.814423
0.798867	0.575077	0.493967	0.454914	0.433842	0.401922	33.240482
0.273188	0.309321	0.317518	0.312972	0.318624	0.303990	72.324234
0.824542	0.630985	0.525281	0.471072	0.444684	0.408555	24.492693
0.706757	0.503590	0.462985	0.430744	0.409463	0.379328	52.323929
0.235495	0.301500	0.308020	0.294471	0.293132	0.283028	85.987167
0.414311	0.372180	0.362003	0.350976	0.353766	0.335322	63.027447
0.428754	0.366526	0.338796	0.331004	0.329719	0.312655	109.627083
0.747970	0.575210	0.489408	0.445753	0.425414	0.394790	26.989634
0.682707	0.506351	0.445622	0.416975	0.400293	0.374389	41.035511
0.339623	0.336066	0.329735	0.325839	0.331537	0.314917	70.949989
0.772014	0.575163	0.518558	0.471415	0.444919	0.409387	30.514444
0.531934	0.381070	0.341979	0.333254	0.333077	0.316070	64.735222
0.733855	0.504043	0.473493	0.435775	0.417957	0.389115	43.648689
0.681025	0.474386	0.434604	0.401007	0.386480	0.359523	47.963223
0.754082	0.556228	0.507127	0.459528	0.431953	0.398078	33.842232
0.195665	0.231402	0.216667	0.208782	0.202963	0.198514	101.108253
0.420577	0.343179	0.346329	0.335872	0.321423	0.309774	78.216461
0.625816	0.410926	0.402691	0.382092	0.372432	0.349959	60.848637
0.791682	0.598106	0.515716	0.465300	0.446216	0.409394	8.316406
0.276852	0.259240	0.270449	0.269604	0.263980	0.264518	86.772781
0.556747	0.419244	0.356125	0.320750	0.305954	0.294989	74.397949
0.752283	0.527041	0.469060	0.409562	0.380079	0.359133	53.578732
0.557398	0.425595	0.360655	0.320041	0.305830	0.298008	74.145645
0.802100	0.567078	0.473487	0.426187	0.401729	0.377249	27.913933
0.512111	0.391510	0.349428	0.314159	0.300727	0.289797	71.784256
0.801670	0.589824	0.493623	0.432651	0.407505	0.374649	9.471745
0.825011	0.576414	0.459296	0.400414	0.385210	0.358347	33.283199
0.302281	0.302997	0.304334	0.292635	0.286017	0.278027	87.826744
0.774873	0.519288	0.425432	0.377029	0.367972	0.346720	50.123245
0.846129	0.625540	0.506062	0.442555	0.423244	0.393858	11.715638
0.258168	0.282705	0.299435	0.271101	0.274035	0.271480	97.246773
0.771006	0.569448	0.464505	0.420766	0.407466	0.377271	21.927889
0.734860	0.548045	0.459585	0.425253	0.405913	0.377090	35.321770
0.459972	0.388947	0.371591	0.359857	0.358330	0.336384	111.774696
0.427332	0.386369	0.363320	0.355729	0.353105	0.333908	62.929707
0.298116	0.334159	0.330848	0.335316	0.339506	0.324048	73.545837
0.731321	0.515160	0.429718	0.389158	0.374427	0.350060	37.462719
0.702707	0.465134	0.402104	0.353968	0.344248	0.327511	58.912491
0.717000	0.455788	0.399975	0.361411	0.356866	0.336309	48.863747
0.307609	0.312190	0.320296	0.304448	0.299591	0.279160	90.831444
0.737472	0.526885	0.447816	0.405617	0.387971	0.364373	30.519428
0.230461	0.242737	0.285135	0.269192	0.268358	0.259512	104.704926
0.215817	0.219356	0.290581	0.261839	0.254230	0.248409	101.319221
0.782132	0.568683	0.480994	0.422246	0.403661	0.374233	15.035606
0.780954	0.565811	0.479717	0.424633	0.404409	0.376507	17.103474
0.775173	0.534623	0.449461	0.402765	0.387286	0.366557	38.976727
0.689580	0.523920	0.469126	0.422741	0.387517	0.366092	22.461159
0.510600	0.369295	0.336536	0.311873	0.292847	0.283027	70.949089
0.752183	0.594172	0.512608	0.453798	0.424959	0.393763	12.523344
0.557453	0.409738	0.377272	0.355601	0.327688	0.314757	53.175194
0.354004	0.299792	0.299875	0.293099	0.277662	0.272956	79.878418
0.625430	0.451735	0.408856	0.387035	0.362460	0.344001	40.352299
0.695874	0.511164	0.443900	0.409559	0.389833	0.367572	32.754562
0.599831	0.448502	0.394417	0.368007	0.359301	0.339388	36.604172
0.780230	0.552026	0.491039	0.447084	0.419641	0.392567	10.252516
0.258210	0.318532	0.340893	0.328190	0.326500	0.311182	76.556137
0.223938	0.315372	0.319717	0.305396	0.291045	0.284424	92.525208
0.223938	0.315372	0.319717	0.305396	0.291045	0.284424	90.884346
0.668429	0.520054	0.449179	0.418713	0.400067	0.374475	15.537141
0.350605	0.333828	0.341908	0.338640	0.332220	0.315730	94.034813
0.561945	0.456711	0.417999	0.395492	0.380630	0.356647	27.514599
0.291726	0.329296	0.327079	0.323467	0.320953	0.305716	69.065353
0.384654	0.394153	0.375823	0.364178	0.355906	0.333864	61.463718
0.496264	0.370167	0.383547	0.357005	0.347377	0.329410	53.173080
0.519907	0.371549	0.393634	0.362969	0.346761	0.330005	47.539841
0.689569	0.535061	0.483104	0.437748	0.416427	0.385131	20.421701
0.613452	0.454266	0.444890	0.415130	0.395927	0.369866	26.079483
0.432341	0.356991	0.375751	0.345581	0.337278	0.322616	61.346821
0.363330	0.327332	0.330255	0.317903	0.308102	0.298746	75.698341
0.387809	0.341496	0.350346	0.331707	0.312169	0.301318	72.389236
0.369767	0.325841	0.333459	0.313104	0.298212	0.286823	70.141861
0.693761	0.487650	0.437805	0.399149	0.384506	0.360705	21.236876
0.734496	0.546757	0.478891	0.432495	0.408310	0.379209	13.035300
0.522540	0.394691	0.356097	0.346991	0.336515	0.322838	68.990860
0.523331	0.411101	0.370032	0.352637	0.337611	0.322419	69.229218
0.517914	0.386254	0.344338	0.330544	0.319783	0.307554	82.982735
0.656773	0.482753	0.431649	0.400987	0.387222	0.367675	31.170624
0.612699	0.449643	0.396560	0.372538	0.358975	0.340006	50.186596
0.702787	0.517415	0.443612	0.408597	0.392533	0.368784	12.300226
0.570149	0.440688	0.393978	0.377300	0.375934	0.353607	50.401207
0.271343	0.249617	0.274286	0.283617	0.286544	0.279414	59.873966
0.745793	0.563912	0.478147	0.443185	0.413643	0.387851	9.174184
0.705042	0.548963	0.480093	0.441857	0.421720	0.392740	36.467793
0.231071	0.274757	0.293400	0.296955	0.302155	0.293387	89.234421
0.231071	0.274757	0.293400	0.296955	0.302155	0.293387	91.617477
0.212271	0.272304	0.300263	0.301116	0.305484	0.295528	93.913551
0.501246	0.435040	0.397219	0.378716	0.368202	0.345252	47.727413
0.648690	0.531340	0.458748	0.428360	0.407421	0.377660	33.197029
0.204776	0.269429	0.291347	0.297943	0.305759	0.297458	79.436134
0.234271	0.289710	0.304916	0.312406	0.317567	0.306168	73.835030
0.569346	0.436979	0.378658	0.360327	0.355430	0.336032	39.157562
0.428578	0.386965	0.337676	0.316681	0.307836	0.298486	64.240807
0.655167	0.493052	0.420723	0.383529	0.363114	0.345818	21.907663
0.558228	0.421190	0.369138	0.344967	0.333875	0.318746	45.654072
0.528036	0.407052	0.348259	0.322811	0.310777	0.304107	58.029160
0.562505	0.408555	0.379075	0.364363	0.354487	0.338840	65.824982
0.619843	0.437780	0.393367	0.372135	0.360566	0.338139	54.373333
0.388760	0.343279	0.332562	0.314246	0.295120	0.289618	81.017967
0.652702	0.463408	0.412414	0.380460	0.363736	0.347149	41.922176
0.659553	0.498933	0.430081	0.397502	0.381680	0.358952	22.000587
0.562211	0.439850	0.376124	0.343021	0.324334	0.309075	71.619705
0.497372	0.426812	0.372347	0.337572	0.319232	0.304272	76.235329
0.761012	0.574907	0.471889	0.415918	0.390842	0.370465	15.821826
0.665270	0.498028	0.426233	0.382373	0.369200	0.344516	53.281982
0.727595	0.527178	0.440330	0.395472	0.379211	0.357069	36.783047
0.424621	0.327533	0.323708	0.314750	0.295792	0.275723	91.083130
0.700869	0.502127	0.428500	0.376745	0.360656	0.340036	34.315395
0.799507	0.591788	0.491643	0.432743	0.414346	0.383976	5.514116
0.244887	0.299807	0.291547	0.272158	0.277354	0.264539	89.530045
0.390481	0.342459	0.316448	0.299993	0.301827	0.284441	72.355354
0.757716	0.534250	0.454422	0.396096	0.373716	0.353167	16.644123
0.393451	0.354210	0.333657	0.311948	0.311846	0.299435	73.104805
0.266604	0.307948	0.311681	0.313199	0.313331	0.303462	75.245811
0.293479	0.331599	0.331244	0.330706	0.326671	0.312836	95.343704
0.581406	0.476603	0.425464	0.404060	0.386562	0.360649	45.004330
0.282601	0.313591	0.323048	0.322270	0.319927	0.309305	70.589760
0.711022	0.540698	0.455466	0.415261	0.399032	0.369226	13.772810
0.650283	0.494758	0.417446	0.370632	0.358865	0.337148	41.545773
0.608190	0.461946	0.402199	0.364228	0.346922	0.330331	56.267384
0.675228	0.509307	0.433069	0.388960	0.371707	0.349014	38.073071
0.761522	0.540255	0.455274	0.407765	0.385227	0.358336	20.696424
0.504229	0.420854	0.394965	0.351639	0.333370	0.320701	73.063248
0.626534	0.435041	0.374478	0.347414	0.337012	0.318597	54.765030
0.276677	0.238516	0.260743	0.255565	0.244577	0.236774	95.774094
0.726173	0.517696	0.434377	0.390343	0.378562	0.356032	30.780235
0.685085	0.527953	0.444412	0.392943	0.377744	0.353862	34.074253
0.737112	0.548739	0.452693	0.401017	0.385625	0.359875	16.429121
0.586053	0.448448	0.423917	0.377332	0.364696	0.349002	48.401722
0.576731	0.444216	0.424246	0.378173	0.367823	0.348851	48.088947
0.626320	0.480390	0.421911	0.379836	0.369533	0.350564	20.566984
0.478276	0.384668	0.365969	0.329724	0.315984	0.305424	65.451988
0.384676	0.309999	0.310762	0.290536	0.275374	0.270808	85.228149
0.613425	0.477139	0.418249	0.381191	0.364152	0.344907	29.918571
0.700880	0.518780	0.451595	0.412944	0.405554	0.380193	5.544365
0.433397	0.370708	0.365775	0.339434	0.344576	0.327803	57.088577
0.638736	0.482883	0.418328	0.377954	0.373476	0.356184	28.944996
0.451416	0.380625	0.363762	0.334442	0.334747	0.319413	51.396038
0.717383	0.551891	0.472297	0.432916	0.422852	0.395491	13.720590
0.259277	0.267905	0.277738	0.267886	0.269386	0.260814	100.917091
0.713796	0.523990	0.454540	0.417475	0.408760	0.385060	8.066866
0.259277	0.267905	0.277738	0.267886	0.269386	0.260814	95.518486
0.287235	0.319337	0.329798	0.339643	0.347206	0.333152	66.531647
0.633220	0.483492	0.426410	0.409264	0.401017	0.376465	20.527485
0.500286	0.419080	0.376788	0.380445	0.376971	0.355133	41.316959
0.350515	0.345148	0.336585	0.339935	0.346830	0.333025	71.540375
0.322297	0.333835	0.335036	0.349864	0.357468	0.339124	58.660343
0.578179	0.464579	0.435831	0.406242	0.395361	0.369429	35.511078
0.662653	0.515399	0.452728	0.418722	0.411747	0.384883	24.308645
0.504605	0.403464	0.390189	0.358177	0.354418	0.340305	45.109718
0.560941	0.452860	0.435885	0.401595	0.393133	0.368379	38.009056
0.335671	0.359663	0.346494	0.307131	0.289817	0.276997	73.017914
0.188931	0.248401	0.242204	0.245772	0.236233	0.227791	97.876282
0.657117	0.501670	0.446889	0.420860	0.413522	0.388769	22.841370
0.540094	0.447634	0.396201	0.387691	0.387104	0.363649	36.836807
0.662123	0.500177	0.437146	0.407336	0.401609	0.379142	11.021255
0.663385	0.505308	0.439902	0.411369	0.403942	0.375260	10.886886
0.765536	0.587540	0.493340	0.430274	0.383468	0.355624	20.523073
0.690450	0.526754	0.447762	0.386730	0.347747	0.324658	48.724457
0.677628	0.520474	0.449882	0.388490	0.346314	0.325397	48.616158
0.721746	0.577237	0.478662	0.414496	0.365081	0.340891	33.111797
0.801952	0.607764	0.492254	0.434649	0.389957	0.365597	8.059516
0.426219	0.323668	0.309130	0.281726	0.262160	0.253655	75.761543
0.635717	0.493708	0.409625	0.362158	0.337968	0.321745	38.188770
0.815414	0.640356	0.531425	0.464406	0.420547	0.387332	-2.640015
0.594959	0.453005	0.381970	0.338730	0.315859	0.301246	42.576244
0.253872	0.275259	0.285320	0.274845	0.260980	0.251168	89.842278
0.240235	0.262833	0.285949	0.277761	0.260822	0.250122	90.434212
0.798238	0.597541	0.491796	0.435385	0.393513	0.368654	13.033490
0.587661	0.451222	0.402807	0.371992	0.354094	0.334625	48.059940
0.765179	0.593714	0.486423	0.429398	0.402865	0.371676	20.295948
0.429480	0.364311	0.333914	0.324979	0.314014	0.299249	99.459106
0.407415	0.371605	0.352992	0.337256	0.328912	0.311479	69.260056
0.679141	0.538099	0.455867	0.418251	0.394101	0.367460	35.707954
0.785037	0.594702	0.493330	0.444898	0.407014	0.377379	19.510098
0.634117	0.501868	0.453798	0.400957	0.366990	0.344675	43.371395
0.170946	0.282948	0.254730	0.241258	0.253628	0.261187	93.408653
0.610084	0.503715	0.430807	0.387403	0.355664	0.333326	52.899216
0.689636	0.523517	0.459537	0.404126	0.373635	0.349173	33.024574
0.609238	0.427793	0.361766	0.325618	0.299449	0.288292	55.630836
0.294338	0.258745	0.249594	0.234874	0.218622	0.218388	81.443207
0.664480	0.481695	0.419747	0.383200	0.353736	0.333755	38.386448
0.580545	0.459194	0.395529	0.355578	0.334296	0.315849	46.661366
0.668117	0.462014	0.401478	0.366605	0.331783	0.314646	58.499516
0.658589	0.484850	0.401388	0.361425	0.328134	0.321037	52.089828
0.805149	0.606246	0.485000	0.425383	0.411218	0.391201	10.088204
0.801924	0.618616	0.489245	0.425964	0.407407	0.389031	12.802732
0.546926	0.420177	0.367928	0.331833	0.302314	0.294485	60.613384
0.734157	0.540840	0.446639	0.389401	0.363013	0.346628	27.122913
0.801473	0.580413	0.471168	0.412351	0.391355	0.373310	7.205307
0.810071	0.601565	0.483499	0.415798	0.403692	0.379564	3.214264
0.600228	0.471896	0.397852	0.344110	0.335980	0.320096	48.869213
0.811266	0.636608	0.504775	0.429354	0.418374	0.393177	5.308643
0.784113	0.556077	0.449423	0.393920	0.380783	0.366040	14.731574
0.290048	0.271103	0.277834	0.265103	0.255474	0.252074	78.167824
0.262426	0.241158	0.256427	0.243859	0.249094	0.246256	93.199745
0.713305	0.562588	0.470510	0.442789	0.426739	0.399072	28.910343
0.444871	0.387934	0.369963	0.373880	0.372722	0.350939	60.279655
0.478883	0.408595	0.385895	0.381678	0.375753	0.355756	55.535576
0.751704	0.595299	0.484481	0.459073	0.438492	0.411914	15.998466
0.443968	0.388351	0.368136	0.367418	0.373663	0.355923	102.015450
0.631305	0.489619	0.419015	0.364523	0.337347	0.328313	59.567814
0.666085	0.497260	0.421815	0.365388	0.344719	0.333288	50.300022
0.688554	0.518865	0.441382	0.383623	0.359084	0.345337	42.418404
0.505224	0.423682	0.403186	0.355829	0.319027	0.309735	70.261124
0.748390	0.587949	0.471533	0.406395	0.396105	0.381197	24.912863
0.534827	0.370436	0.345217	0.307246	0.291869	0.292346	64.702469
0.625530	0.444771	0.387551	0.340957	0.329545	0.324598	57.327339
0.616777	0.420560	0.370139	0.328787	0.322298	0.314274	55.594120
0.724103	0.517842	0.425340	0.373101	0.366775	0.353423	30.886194
0.788438	0.562757	0.467544	0.406761	0.395878	0.374604	9.347556
0.810266	0.552417	0.453726	0.412038	0.396925	0.374528	11.714567
0.727849	0.497759	0.420181	0.379338	0.361808	0.348351	30.075211
0.724143	0.503808	0.424891	0.382155	0.366543	0.349966	30.248806
0.548188	0.440024	0.374119	0.329875	0.296827	0.274783	91.372459
0.674444	0.553129	0.457918	0.414045	0.389902	0.369817	44.776382
0.505522	0.369535	0.321627	0.297486	0.279547	0.274702	68.368530
0.618478	0.447762	0.393267	0.367349	0.360110	0.345786	42.614723
0.412671	0.326312	0.310560	0.302062	0.303103	0.296019	48.374699
0.296776	0.262484	0.268473	0.269619	0.279953	0.269701	58.589684
0.812810	0.551937	0.455402	0.418557	0.404316	0.384089	8.623103
0.228921	0.252525	0.291452	0.288864	0.287517	0.276880	92.905121
0.779963	0.540127	0.445987	0.408810	0.393448	0.372919	19.465820
0.675808	0.512703	0.452518	0.422521	0.406777	0.384356	28.617188
0.408161	0.384271	0.373772	0.365590	0.358720	0.345235	100.238785
0.777922	0.537973	0.453272	0.423906	0.403118	0.379864	11.037306
0.232504	0.293456	0.309281	0.322275	0.325211	0.314872	69.027542
0.350987	0.356392	0.355958	0.356398	0.348137	0.338563	61.988533
0.711850	0.470566	0.398929	0.369834	0.354895	0.337101	33.317364
0.560758	0.401304	0.343754	0.316409	0.301438	0.294371	63.381935
0.651733	0.455986	0.388628	0.360025	0.342306	0.329244	48.377800
0.773687	0.516813	0.443472	0.408520	0.388167	0.369852	22.838978
0.531341	0.367741	0.327270	0.300936	0.280924	0.276544	67.583977
0.617091	0.402621	0.343464	0.332089	0.322301	0.309504	60.250015
0.338492	0.271852	0.269286	0.271958	0.275993	0.277884	68.145226
0.683299	0.481229	0.411799	0.384633	0.373200	0.353613	41.420845
0.766887	0.516814	0.432238	0.401397	0.388043	0.365190	15.137590
0.796042	0.547829	0.448352	0.409355	0.393710	0.372569	7.880272
0.636999	0.494459	0.418654	0.372918	0.358827	0.340330	41.284027
0.717480	0.535468	0.433817	0.388105	0.364204	0.341788	21.457096
0.762238	0.578292	0.497867	0.442148	0.423851	0.395579	7.557460
0.414416	0.330989	0.318429	0.312641	0.303630	0.297581	58.753803
0.533751	0.412472	0.358388	0.350210	0.330767	0.316811	48.468204
0.468732	0.407039	0.366303	0.342274	0.337460	0.321651	47.285873
0.795386	0.591925	0.485078	0.421312	0.399470	0.375175	14.621951
0.779562	0.585545	0.497523	0.442002	0.422221	0.397149	3.921213
0.258828	0.306161	0.301259	0.276041	0.286982	0.279539	83.553291
0.779572	0.587485	0.482976	0.425238	0.405337	0.376209	25.222786
0.258828	0.306161	0.301259	0.276041	0.286982	0.279539	88.773666
0.654868	0.532467	0.451901	0.427697	0.416343	0.388699	29.046539
0.419980	0.371887	0.361300	0.363845	0.373390	0.354316	51.406685
0.436669	0.389130	0.370421	0.380103	0.379757	0.361008	94.410088
0.706534	0.546715	0.472513	0.448524	0.437701	0.405806	21.195284
0.381991	0.371093	0.357676	0.363383	0.367721	0.349026	65.206261
0.552655	0.481303	0.433611	0.388139	0.363615	0.346752	43.264561
0.181001	0.257942	0.239848	0.268960	0.278370	0.268995	83.269539
0.464268	0.448186	0.411941	0.379754	0.349324	0.337194	55.798595
0.668273	0.574165	0.485092	0.429699	0.402840	0.378032	21.419439
0.570966	0.479160	0.432103	0.384090	0.364092	0.348379	41.622021
0.460054	0.365082	0.349120	0.324913	0.320975	0.312772	65.495163
0.633193	0.478072	0.415132	0.365651	0.353128	0.337403	48.792583
0.712735	0.553201	0.474506	0.418308	0.402502	0.381774	27.265533
0.757223	0.585437	0.497721	0.435748	0.415244	0.393891	7.027264
0.759823	0.591063	0.491416	0.432282	0.407076	0.385078	9.283473
0.674288	0.468365	0.400588	0.363463	0.353012	0.339540	23.258787
0.645196	0.454602	0.395694	0.366868	0.344000	0.334057	25.854250
0.698344	0.516794	0.429730	0.385283	0.370678	0.356369	5.909675
0.615732	0.454301	0.391175	0.360001	0.334221	0.319988	40.338482
0.481288	0.344426	0.332922	0.320568	0.292059	0.281847	72.249092
0.637490	0.453828	0.376742	0.343449	0.340347	0.324545	14.344775
0.692892	0.491473	0.409044	0.378087	0.368651	0.350919	6.601377
0.649505	0.457573	0.393955	0.360474	0.349777	0.336580	19.871605
0.696868	0.489965	0.412194	0.378849	0.374024	0.351304	6.837113
0.328017	0.263921	0.258770	0.255163	0.277252	0.271913	59.649189
0.251642	0.223048	0.231454	0.237319	0.235718	0.232273	108.772575
0.587670	0.404882	0.351567	0.325318	0.327807	0.316720	34.606445
0.277958	0.313187	0.323033	0.338014	0.343615	0.328319	61.681000
0.441315	0.384360	0.367387	0.372693	0.374948	0.355970	107.650330
0.608989	0.443092	0.384463	0.367341	0.370574	0.351520	12.137834
0.488080	0.383993	0.345614	0.352647	0.357709	0.340054	37.944107
0.222280	0.289341	0.304837	0.324397	0.332176	0.317034	69.449722
0.564966	0.450313	0.379920	0.349113	0.328185	0.313766	53.613270
0.613363	0.447372	0.378683	0.350424	0.336640	0.320967	22.858511
0.596725	0.474561	0.416962	0.377689	0.359706	0.344761	27.438143
0.330129	0.357921	0.294875	0.275008	0.250087	0.240153	84.555641
0.587554	0.480067	0.414287	0.372466	0.352761	0.337420	40.384636
0.442206	0.338411	0.299971	0.284203	0.271925	0.267144	61.918846
0.564769	0.399806	0.350400	0.330151	0.332209	0.317877	51.552414
0.278934	0.292806	0.272828	0.266816	0.259041	0.260595	83.148407
0.327568	0.300475	0.277314	0.293956	0.302224	0.294585	63.123962
0.660616	0.480139	0.396323	0.366300	0.354009	0.339166	5.932763
0.619304	0.468405	0.412503	0.399679	0.380581	0.360295	45.679489
0.541220	0.445473	0.398212	0.385463	0.362435	0.342973	75.781128
0.717449	0.552690	0.472013	0.443814	0.430383	0.399067	11.339054
0.585379	0.467491	0.408918	0.392279	0.378622	0.356692	62.735683
0.651877	0.486244	0.421036	0.400567	0.391533	0.369306	26.665407
0.493017	0.362607	0.348407	0.345644	0.332668	0.317001	73.310074
0.275469	0.279537	0.281502	0.295065	0.308555	0.296656	79.959450
0.616516	0.454600	0.407163	0.400948	0.396926	0.371906	32.009865
0.275469	0.279537	0.281502	0.295065	0.308555	0.296656	78.975685
0.472945	0.392710	0.374878	0.380073	0.383056	0.362384	55.044430
0.271636	0.287945	0.302785	0.309704	0.316058	0.307454	102.700821
0.699203	0.518173	0.449222	0.435832	0.424829	0.394447	15.783100
0.316793	0.318643	0.321286	0.337268	0.340562	0.326991	61.626141
0.257120	0.305990	0.314651	0.328800	0.339127	0.324343	71.760216
0.462087	0.399278	0.374737	0.374780	0.378124	0.358991	106.817589
0.448684	0.397402	0.368715	0.368446	0.371715	0.349518	43.298016
0.593899	0.440842	0.394877	0.388211	0.386429	0.364300	23.365932
0.676974	0.530408	0.479536	0.450700	0.431309	0.400116	19.819567
0.566725	0.461842	0.424179	0.398187	0.392829	0.366973	35.163418
0.471243	0.380037	0.362165	0.345886	0.346458	0.329299	46.510612
0.493861	0.387324	0.363534	0.355053	0.353602	0.337127	43.593002
0.251950	0.283823	0.268549	0.292843	0.298745	0.283906	86.274445
0.444090	0.359100	0.390625	0.371219	0.358268	0.340939	78.399765
0.539730	0.436887	0.395879	0.386024	0.384758	0.362702	62.589211
0.519042	0.445989	0.400628	0.391825	0.391154	0.366873	47.031506
0.559535	0.396175	0.379507	0.371037	0.359194	0.338065	54.393501
0.681296	0.519048	0.453646	0.428273	0.417922	0.389873	13.649609
0.766535	0.584226	0.492451	0.441079	0.407722	0.387859	18.563120
0.716172	0.530612	0.454844	0.407181	0.377650	0.364614	32.255680
0.802296	0.600779	0.497959	0.450034	0.421503	0.400341	10.234731
0.454526	0.359716	0.352110	0.322142	0.303548	0.299935	74.958267
0.499762	0.405631	0.362386	0.329071	0.324560	0.313113	62.580036
0.639453	0.463969	0.397439	0.365715	0.359086	0.344079	46.326149
0.730750	0.529363	0.458756	0.425224	0.408982	0.382705	33.494259
0.807066	0.595592	0.491847	0.442395	0.408808	0.382733	12.004960
0.701190	0.519804	0.440662	0.406136	0.391024	0.367914	37.780617
0.306837	0.304405	0.306625	0.299108	0.297313	0.291180	63.468636
0.247284	0.289977	0.286355	0.273492	0.277514	0.270355	91.590668
0.247284	0.289977	0.286355	0.273492	0.277514	0.270355	87.780823
0.700488	0.539792	0.466220	0.444585	0.428097	0.400366	29.051609
0.566520	0.467669	0.414253	0.410657	0.405302	0.382021	47.448425
0.390072	0.361945	0.357093	0.369391	0.369280	0.353809	61.615810
0.800675	0.580634	0.501828	0.463430	0.444342	0.413677	15.271352
0.448585	0.386307	0.370360	0.371915	0.377800	0.357137	99.661530
0.718994	0.571647	0.480808	0.423687	0.399676	0.375355	23.747801
0.520295	0.463794	0.440438	0.399388	0.377528	0.362213	52.168095
0.661419	0.521955	0.457225	0.416884	0.386774	0.367116	37.036636
0.255272	0.283983	0.295104	0.279741	0.295559	0.282272	79.759026
0.389676	0.392642	0.379657	0.351519	0.330767	0.324418	69.295593
0.605829	0.439191	0.379627	0.360087	0.346711	0.333468	47.907799
0.455828	0.429929	0.388735	0.351200	0.334065	0.323699	58.419392
0.788951	0.587620	0.495666	0.454659	0.429242	0.399631	7.234500
0.743949	0.555243	0.466680	0.423367	0.400716	0.379149	20.695028
0.758937	0.574469	0.482143	0.437071	0.414950	0.389669	3.391634
0.582139	0.449682	0.400501	0.382734	0.346166	0.342803	62.475971
0.808522	0.598112	0.526107	0.489672	0.452066	0.434894	5.651470
0.777257	0.568078	0.489846	0.475911	0.436538	0.411787	12.564926
0.749855	0.560008	0.490724	0.459697	0.413413	0.395982	19.914751
0.695421	0.527433	0.469209	0.442577	0.396048	0.386086	41.031769
0.554760	0.410846	0.377475	0.382970	0.347491	0.342321	70.839867
0.818652	0.601340	0.507169	0.472519	0.435355	0.414000	4.495169
0.702811	0.502579	0.423522	0.411839	0.373202	0.357996	35.415634
0.796185	0.566357	0.469715	0.439792	0.402233	0.378462	12.654106
0.514102	0.388332	0.344777	0.348909	0.326692	0.318880	58.335171
0.293655	0.282444	0.286183	0.289778	0.290029	0.283122	88.920486
0.668009	0.530658	0.454167	0.429342	0.419355	0.390398	33.448246
0.756721	0.574206	0.488650	0.442700	0.426058	0.402732	15.388647
0.354534	0.346451	0.342993	0.352949	0.358061	0.339545	93.868591
0.258694	0.304680	0.314711	0.332611	0.342965	0.327786	64.697021
0.415701	0.370585	0.355218	0.371418	0.370461	0.348935	52.698631
0.330589	0.356807	0.374986	0.374010	0.344471	0.325546	72.829422
0.553629	0.462805	0.408377	0.399851	0.366371	0.355332	50.782890
0.763682	0.543397	0.471665	0.460473	0.423376	0.408811	18.638783
0.632569	0.488186	0.439775	0.431242	0.391121	0.380352	37.337749
0.402589	0.382608	0.370946	0.363408	0.330222	0.323064	64.559456
0.630821	0.454682	0.420618	0.412030	0.375815	0.359621	49.804951
0.510352	0.399410	0.372749	0.366511	0.355886	0.338831	76.035568
0.200057	0.251836	0.253601	0.240194	0.249591	0.247075	95.957787
0.798262	0.585390	0.492438	0.463134	0.429094	0.413543	9.426468
0.805944	0.583008	0.495244	0.460273	0.425662	0.406382	14.523195
0.693308	0.559846	0.456626	0.430245	0.415432	0.390547	24.090256
0.572097	0.445712	0.400298	0.379282	0.362139	0.343578	76.286743
0.661103	0.527048	0.444391	0.427019	0.411154	0.384068	44.745110
0.732033	0.534919	0.444974	0.428482	0.411182	0.382743	10.712713
0.432819	0.391737	0.371446	0.343598	0.330245	0.319255	84.913788
0.623187	0.502256	0.425038	0.398018	0.385509	0.363590	56.161240
0.536758	0.463779	0.386177	0.381121	0.382472	0.359803	59.740326
0.338566	0.393918	0.362256	0.363111	0.365973	0.346658	75.292908
0.685914	0.512933	0.432924	0.422315	0.412761	0.387229	40.313194
0.705631	0.507357	0.431925	0.418197	0.408379	0.380904	26.185667
0.275301	0.339909	0.316950	0.301784	0.307887	0.299980	95.808044
0.410265	0.371427	0.364560	0.361706	0.367315	0.346999	54.628059
0.418825	0.377065	0.366251	0.367483	0.369979	0.349770	94.204865
0.707944	0.533306	0.457090	0.441052	0.429199	0.399431	11.166483
0.597446	0.476122	0.424444	0.416745	0.406263	0.381099	33.633709
0.272921	0.308984	0.321244	0.335112	0.344068	0.326077	67.465340
0.705754	0.536680	0.455917	0.432944	0.421730	0.390876	23.835066
0.256184	0.286992	0.307437	0.305144	0.305699	0.297813	88.253418
0.639049	0.490507	0.429860	0.414114	0.403553	0.379549	29.707113
0.590081	0.492718	0.425452	0.410967	0.399128	0.375003	46.758614
0.517783	0.404079	0.380228	0.366789	0.367157	0.349490	56.674484
0.179994	0.204798	0.209819	0.218713	0.221987	0.227499	97.930054
0.575412	0.480161	0.415410	0.403703	0.401662	0.378849	46.613976
0.622954	0.507214	0.425822	0.402228	0.401524	0.375655	45.771721
0.591759	0.474316	0.412725	0.405429	0.405780	0.380065	57.012112
0.718364	0.556004	0.469426	0.443599	0.429312	0.399801	6.827347
0.662263	0.545339	0.468169	0.426623	0.413371	0.385197	3.889062
0.449031	0.363088	0.333196	0.308815	0.301090	0.289650	67.696777
0.454581	0.358748	0.328413	0.303236	0.305077	0.298216	66.044182
0.605155	0.487400	0.406485	0.374679	0.364509	0.344376	33.810646
0.447292	0.347276	0.329565	0.298619	0.278553	0.279586	76.066734
0.650878	0.510689	0.434343	0.395215	0.390269	0.372309	7.692347
0.612561	0.458373	0.406205	0.371528	0.370154	0.353302	16.917690
0.621819	0.473866	0.410812	0.374211	0.377504	0.358615	14.726130
0.687541	0.558831	0.483894	0.438986	0.424503	0.395750	3.219737
0.551086	0.422826	0.361301	0.341060	0.343215	0.330241	46.661556
0.242453	0.251558	0.250869	0.245965	0.267453	0.264258	70.502441
0.272404	0.264808	0.273841	0.274104	0.274322	0.268347	97.428101
0.431018	0.382554	0.363600	0.369801	0.368173	0.348759	97.512093
0.463380	0.399994	0.374837	0.367758	0.370139	0.350779	35.644585
0.575246	0.481572	0.436672	0.426571	0.414204	0.387321	20.007483
0.309080	0.321778	0.323591	0.341823	0.349731	0.335728	55.067532
0.267852	0.308021	0.320118	0.333950	0.344095	0.329506	64.806137
0.554628	0.447364	0.392444	0.359650	0.354840	0.341632	29.946920
0.586297	0.467852	0.420418	0.385928	0.379700	0.360276	21.371737
0.474324	0.414611	0.371688	0.340295	0.336356	0.321171	40.949532
0.417314	0.366965	0.372851	0.328715	0.320327	0.309930	68.016632
0.448322	0.389414	0.346252	0.325683	0.325001	0.314051	49.540615
0.158647	0.207824	0.211728	0.217739	0.243174	0.245399	96.010071
0.352314	0.304885	0.297545	0.281739	0.286538	0.282325	71.358322
0.631400	0.501845	0.439378	0.401195	0.392256	0.370818	20.898735
0.474615	0.338498	0.306609	0.301453	0.307607	0.296327	60.484039
0.452101	0.336974	0.302727	0.289545	0.297170	0.288568	64.716225
0.623079	0.488796	0.404118	0.351849	0.308005	0.283124	46.039742
0.693967	0.641443	0.544592	0.460044	0.420290	0.392317	10.109294
0.712633	0.655215	0.537689	0.452454	0.412431	0.383275	6.320752
0.526037	0.400145	0.339466	0.300219	0.270650	0.251420	56.326748
0.719961	0.629677	0.537819	0.453384	0.399653	0.364986	6.153193
0.705281	0.616816	0.526923	0.447941	0.389987	0.353416	14.884890
0.647886	0.549347	0.454215	0.392794	0.349249	0.328694	21.662275
0.488797	0.456027	0.392920	0.339982	0.307804	0.292049	42.271400
0.655222	0.548691	0.442847	0.383127	0.344433	0.321526	36.936771
0.270413	0.305126	0.294686	0.273517	0.257544	0.246877	91.858521
0.717726	0.641218	0.555035	0.468537	0.417287	0.383467	8.547931
0.236260	0.299828	0.310174	0.288718	0.269797	0.255808	89.890625
0.483189	0.510887	0.451479	0.410503	0.388279	0.361806	46.191360
0.664051	0.625648	0.537723	0.459520	0.421165	0.389734	21.610529
0.412561	0.352785	0.335874	0.320694	0.317107	0.305819	97.924690
0.575213	0.609777	0.506392	0.442304	0.412005	0.383621	28.797344
0.335326	0.337979	0.324545	0.319031	0.310810	0.299621	62.991299
0.158047	0.262454	0.222607	0.211647	0.213527	0.215893	89.723747
0.558891	0.475979	0.467840	0.420008	0.374654	0.353407	41.362984
0.440788	0.385306	0.384368	0.351347	0.315977	0.291958	57.040993
0.514932	0.407169	0.425238	0.386405	0.347986	0.327380	47.862370
0.600180	0.548820	0.491049	0.425735	0.384798	0.358150	26.214191
0.568212	0.402261	0.357818	0.320829	0.287127	0.284209	54.352982
0.389264	0.296197	0.314967	0.278583	0.259315	0.248925	70.077866
0.554938	0.391259	0.362260	0.319588	0.292627	0.284751	54.524170
0.631161	0.536243	0.501266	0.428564	0.391145	0.366136	33.721832
0.687270	0.622453	0.518844	0.441845	0.401653	0.373281	29.190697
0.622028	0.494759	0.420087	0.373396	0.343230	0.319720	34.802952
0.497931	0.381462	0.347904	0.310086	0.288019	0.275897	65.857574
0.621923	0.497449	0.427060	0.375469	0.344104	0.320074	35.737358
0.613685	0.524293	0.430080	0.376338	0.342394	0.321318	42.497070
0.443302	0.377537	0.327612	0.298837	0.274428	0.260327	68.531242
0.675870	0.572071	0.543235	0.471557	0.428323	0.392472	6.916940
0.637516	0.577456	0.524736	0.454308	0.410767	0.381322	18.028580
0.617144	0.505915	0.475604	0.417089	0.382963	0.358965	28.507935
0.481322	0.441425	0.381511	0.343624	0.324763	0.306841	53.616119
0.217712	0.247480	0.265410	0.260825	0.258416	0.254173	100.240913
0.669558	0.564491	0.528544	0.461744	0.421905	0.385653	11.739932
0.217712	0.247480	0.265410	0.260825	0.258416	0.254173	99.972000
0.594193	0.558949	0.503595	0.443793	0.414390	0.383612	18.148430
0.449720	0.382510	0.356546	0.342564	0.333234	0.313898	106.369858
0.518846	0.524119	0.450304	0.403287	0.381178	0.356103	31.249874
0.369414	0.339685	0.328331	0.320977	0.319907	0.307073	57.538605
0.262026	0.308747	0.309893	0.309783	0.304043	0.292448	63.306301
0.527976	0.508107	0.490426	0.447767	0.410608	0.376151	38.207970
0.605121	0.543492	0.507243	0.464403	0.418065	0.387395	25.460838
0.494028	0.474388	0.444122	0.414559	0.382345	0.353605	52.283257
0.388070	0.366543	0.368203	0.333016	0.308177	0.294420	64.717110
0.326358	0.330071	0.358163	0.326110	0.312401	0.295279	72.070389
0.429241	0.324807	0.323081	0.293164	0.271126	0.262822	72.894737
0.652071	0.527733	0.498704	0.435204	0.402398	0.374064	21.246271
0.610157	0.539760	0.504802	0.446725	0.409339	0.379701	21.111399
0.648509	0.569929	0.521985	0.459003	0.419785	0.383195	8.934551
0.650645	0.582200	0.535798	0.466698	0.423781	0.389435	9.347234
0.600234	0.461864	0.404404	0.385745	0.376853	0.355874	26.960369
0.571087	0.440421	0.376422	0.363987	0.362015	0.342442	51.011387
0.653010	0.483515	0.421119	0.390948	0.389285	0.365311	11.324710
0.421928	0.338412	0.348933	0.330798	0.314683	0.293973	85.018066
0.521367	0.403732	0.375711	0.356285	0.343442	0.326212	64.725853
0.522870	0.407584	0.361316	0.337114	0.343849	0.326547	41.367302
0.330072	0.298128	0.286830	0.292837	0.308342	0.295827	64.626389
0.447921	0.359925	0.322421	0.318323	0.329657	0.314976	48.528156
0.281412	0.265396	0.284788	0.295434	0.310379	0.292388	95.038597
0.281412	0.265396	0.284788	0.295434	0.310379	0.292388	94.634567
0.590330	0.436536	0.385393	0.367727	0.370547	0.352671	14.430549
0.242146	0.291186	0.307722	0.325005	0.339146	0.322668	57.393055
0.471624	0.373094	0.354262	0.357163	0.357363	0.337969	38.595688
0.219415	0.288695	0.305558	0.325367	0.333187	0.320049	63.703342
0.577687	0.466624	0.408303	0.392687	0.389516	0.367056	15.147109
0.251387	0.295628	0.304907	0.320255	0.331342	0.322872	70.645027
0.421858	0.363571	0.348916	0.351802	0.352577	0.334591	40.316162
0.488692	0.428964	0.395591	0.375461	0.371094	0.352341	30.699921
0.295364	0.291402	0.293152	0.283926	0.271130	0.266112	74.667046
0.358903	0.356199	0.345100	0.335691	0.340751	0.323268	53.305641
0.514626	0.441144	0.394091	0.379022	0.376799	0.355022	30.421694
0.469768	0.337879	0.329914	0.331250	0.321840	0.313185	71.642250
0.562009	0.433808	0.377200	0.363203	0.365799	0.344389	53.052979
0.546860	0.402522	0.366339	0.355785	0.350476	0.330272	35.233143
0.467366	0.384048	0.350098	0.346673	0.348907	0.329352	56.341156
0.475878	0.390571	0.351646	0.344370	0.349310	0.333349	34.050220
0.638417	0.582403	0.486651	0.420700	0.382593	0.355483	36.651333
0.694625	0.631134	0.556594	0.470569	0.429274	0.395644	6.724372
0.589769	0.523868	0.467666	0.408782	0.374198	0.345711	46.920151
0.640729	0.618393	0.546966	0.463908	0.418607	0.389224	12.158282
0.465414	0.394581	0.375874	0.333965	0.309605	0.292068	62.921173
0.445048	0.371341	0.342934	0.311819	0.288017	0.276813	70.880318
0.318044	0.398574	0.369209	0.331756	0.316069	0.304636	53.951336
0.702075	0.620747	0.530867	0.445532	0.416556	0.382512	-0.194607
0.701661	0.616637	0.534901	0.461946	0.421892	0.387968	-0.127713
0.627338	0.564990	0.508256	0.437593	0.401602	0.372193	11.018020
0.263507	0.277724	0.288017	0.289517	0.276279	0.264896	92.652702
0.263507	0.277724	0.288017	0.289517	0.276279	0.264896	93.813538
0.348598	0.342487	0.331561	0.320977	0.314833	0.301308	49.834232
0.515284	0.497768	0.440963	0.404505	0.379481	0.357434	36.475636
0.690143	0.638539	0.545995	0.474016	0.437252	0.403893	13.666944
0.211882	0.292180	0.294153	0.291407	0.294613	0.282320	67.194374
0.420779	0.359097	0.338310	0.326160	0.323638	0.307568	98.270706
0.422270	0.442252	0.439077	0.408866	0.372008	0.347962	59.075939
0.501136	0.513736	0.480630	0.420713	0.385255	0.360818	40.772537
0.554543	0.544404	0.493866	0.426727	0.391205	0.366328	26.937979
0.295584	0.302612	0.358624	0.340764	0.317031	0.297390	71.844536
0.450776	0.474144	0.475317	0.427724	0.388672	0.362575	55.584209
0.361704	0.325533	0.336183	0.305127	0.287116	0.277054	72.195534
0.472091	0.409679	0.380322	0.339890	0.321319	0.305685	46.157223
0.673810	0.627540	0.545963	0.464788	0.424548	0.390490	10.620057
0.617959	0.568759	0.499948	0.425955	0.389282	0.364580	19.717545
0.676777	0.615257	0.540994	0.461088	0.419622	0.388408	10.833355
0.657290	0.476636	0.409673	0.402171	0.396510	0.373495	39.376675
0.591896	0.468901	0.416744	0.399021	0.386371	0.363738	65.231071
0.507906	0.418888	0.378023	0.371558	0.361304	0.345134	80.121284
0.376698	0.299541	0.315583	0.303726	0.287830	0.282949	85.485626
0.705990	0.505555	0.449765	0.436884	0.424539	0.396095	10.139264
0.533336	0.426146	0.380317	0.380116	0.378631	0.357855	47.802509
0.359217	0.368935	0.341956	0.356959	0.363911	0.347293	64.182404
0.194150	0.270486	0.270576	0.296931	0.311821	0.303906	81.202690
0.750054	0.526931	0.453854	0.436769	0.429652	0.400753	9.808300
0.664637	0.463815	0.417054	0.402977	0.392259	0.369328	26.718212
0.190427	0.237392	0.243788	0.255177	0.271623	0.268782	101.272865
0.293826	0.323226	0.326705	0.337803	0.345856	0.333693	64.761940
0.579512	0.439076	0.405418	0.403605	0.393052	0.369698	39.106140
0.252750	0.308208	0.321456	0.334981	0.343651	0.329284	77.633446
0.342552	0.334523	0.324561	0.341758	0.348799	0.334677	89.073334
0.685885	0.503239	0.443977	0.431657	0.419184	0.394356	22.149317
0.681064	0.548868	0.470609	0.444420	0.427336	0.397188	32.288795
0.654094	0.481254	0.421362	0.409677	0.406211	0.383104	46.665012
0.451026	0.431773	0.422206	0.387629	0.365532	0.345908	72.873947
0.766606	0.533193	0.470080	0.450821	0.436853	0.405690	20.381731
0.670418	0.495646	0.428354	0.416244	0.408650	0.384532	36.500023
0.525076	0.380072	0.373931	0.367561	0.364774	0.347112	67.114037
0.715179	0.523624	0.450266	0.430327	0.411320	0.386843	10.904306
0.722067	0.510853	0.445928	0.429099	0.417001	0.390780	15.804461
0.728846	0.519678	0.450064	0.428900	0.419009	0.390879	16.145172
0.740248	0.530321	0.460985	0.441858	0.427721	0.397956	7.247283
0.683777	0.493955	0.428815	0.404141	0.395145	0.367187	15.512955
0.691373	0.510207	0.443201	0.419619	0.406030	0.377926	8.613512
0.485223	0.351009	0.315150	0.306579	0.302977	0.293570	63.376793
0.639793	0.472921	0.388501	0.374971	0.358388	0.338197	43.997704
0.672939	0.467564	0.414844	0.394294	0.383744	0.361168	22.217464
0.413921	0.303015	0.296864	0.277229	0.268142	0.264633	67.963203
0.552247	0.416335	0.360061	0.351457	0.356285	0.337099	34.439396
0.698253	0.495941	0.437401	0.410575	0.396437	0.371570	10.226304
0.578558	0.463238	0.396889	0.380405	0.374284	0.351358	33.585537
0.179974	0.271218	0.297126	0.289103	0.297499	0.285502	90.069099
0.179974	0.271218	0.297126	0.289103	0.297499	0.285502	91.246643
0.287372	0.321917	0.305052	0.307483	0.311319	0.300226	63.307613
0.508991	0.432944	0.396066	0.380765	0.374767	0.349515	40.795948
0.665885	0.502992	0.435918	0.415512	0.398092	0.372577	13.494987
0.252965	0.296865	0.307097	0.312069	0.320155	0.307961	72.845619
0.440786	0.392343	0.369618	0.362746	0.359009	0.340005	97.699577
0.205183	0.280870	0.292281	0.301857	0.313685	0.301538	62.690956
0.548348	0.396287	0.371746	0.358868	0.351145	0.332023	41.468372
0.475219	0.394506	0.347954	0.331647	0.329173	0.315541	49.572582
0.631778	0.464477	0.410296	0.387850	0.377039	0.354912	26.588238
0.432344	0.379714	0.351173	0.334745	0.332442	0.315119	55.990997
0.661971	0.499604	0.431122	0.407913	0.397825	0.373704	20.981211
0.193657	0.178531	0.217932	0.215195	0.212651	0.219010	84.353989
0.150912	0.168907	0.182674	0.183691	0.197127	0.196728	99.040909
0.424517	0.322949	0.305186	0.311528	0.307940	0.295765	57.117062
0.666432	0.485593	0.413791	0.385621	0.377692	0.358490	13.315534
0.649353	0.482357	0.421266	0.395861	0.381555	0.361348	14.480617
0.650198	0.432835	0.363739	0.319316	0.309498	0.294738	43.422600
0.667091	0.449406	0.388731	0.346554	0.323228	0.307911	35.599670
0.638701	0.433662	0.368504	0.326092	0.307574	0.294483	46.682362
0.729213	0.530313	0.464614	0.395964	0.365237	0.344754	5.325991
0.500287	0.376578	0.323857	0.303657	0.290352	0.280280	62.748814
0.380014	0.289836	0.306300	0.286797	0.267621	0.259730	81.400620
0.712268	0.591937	0.520982	0.452971	0.417841	0.386372	10.554132
0.428885	0.334986	0.318460	0.290593	0.285829	0.276252	53.385979
0.728726	0.573371	0.495341	0.436889	0.408472	0.378970	8.406882
0.645058	0.492068	0.432861	0.380662	0.356020	0.334073	27.261974
0.218254	0.302050	0.318569	0.287023	0.280998	0.269781	75.990021
0.248834	0.289802	0.298024	0.279223	0.273079	0.261680	88.669258
0.311309	0.313590	0.308827	0.301713	0.304001	0.291564	67.626518
0.477279	0.390151	0.363586	0.343511	0.333334	0.315418	102.723686
0.604418	0.485042	0.420198	0.387852	0.368797	0.345910	38.087799
0.751553	0.593955	0.512014	0.447591	0.417392	0.383768	13.266840
0.352516	0.354486	0.336294	0.324243	0.317415	0.305020	57.985729
0.568871	0.421068	0.384526	0.350634	0.333879	0.315600	38.730110
0.472758	0.402719	0.401171	0.362698	0.338745	0.319636	64.716293
0.506461	0.408761	0.381785	0.339633	0.317877	0.301500	59.437683
0.551695	0.414666	0.378513	0.330811	0.316849	0.297993	39.758968
0.642103	0.525612	0.463381	0.400747	0.375220	0.351517	22.310278
0.372501	0.327792	0.336554	0.324793	0.305587	0.287691	75.735466
0.403406	0.340646	0.331606	0.313866	0.298235	0.283633	73.802841
0.671348	0.534399	0.452164	0.389899	0.366605	0.343802	20.510662
0.694647	0.568868	0.482124	0.422089	0.390129	0.364888	10.139030
0.256766	0.241968	0.254268	0.249640	0.248638	0.240789	87.909721
0.690771	0.560594	0.470816	0.406467	0.371050	0.343927	54.174248
0.768978	0.596141	0.544934	0.474293	0.430899	0.393575	11.035277
0.697570	0.574565	0.497219	0.420236	0.381575	0.353643	50.188908
0.427508	0.384262	0.332901	0.289514	0.280853	0.269767	78.157021
0.763836	0.600867	0.541653	0.443631	0.405378	0.373979	5.069478
0.603885	0.479628	0.395957	0.341622	0.320784	0.308197	55.520004
0.608454	0.515016	0.441858	0.380598	0.357611	0.336020	52.924355
0.690090	0.544940	0.476674	0.416713	0.384861	0.358010	36.284649
0.740986	0.532800	0.479490	0.415910	0.381980	0.354537	25.838179
0.205586	0.330882	0.314168	0.286425	0.277969	0.261401	94.529755
0.201878	0.324147	0.308917	0.280037	0.272601	0.261785	97.508774
0.777419	0.587977	0.535568	0.456924	0.418262	0.386740	11.312093
0.657484	0.543843	0.478698	0.430028	0.399798	0.371272	44.781929
0.733424	0.573802	0.537223	0.457281	0.425008	0.394762	23.038582
0.442199	0.377550	0.348052	0.335946	0.325304	0.308728	58.410458
0.439709	0.366489	0.345874	0.330299	0.322646	0.306731	97.656982
0.323345	0.338158	0.325424	0.320083	0.312663	0.297521	65.078293
0.546923	0.444802	0.399170	0.352158	0.326479	0.310709	49.388733
0.587718	0.507716	0.435462	0.377338	0.344152	0.317075	37.613453
0.624864	0.503366	0.440003	0.377050	0.350623	0.327040	26.810425
0.692319	0.512968	0.440430	0.377647	0.365211	0.341898	21.322050
0.391217	0.364876	0.372585	0.333605	0.309941	0.297442	64.125252
0.651595	0.472131	0.412896	0.362494	0.342990	0.319967	48.853210
0.641076	0.506463	0.439099	0.395222	0.363203	0.340157	41.631702
0.744797	0.576893	0.526271	0.456800	0.419976	0.394240	24.486864
0.704997	0.570459	0.496549	0.413724	0.384376	0.355952	19.021435
0.640359	0.491553	0.419944	0.361520	0.331441	0.314618	54.569908
