0.593997	0.544879	0.506196	0.506235	0.503307	0.499836	0.061989
0.550182	0.521840	0.489285	0.488688	0.492715	0.493580	0.206245
0.521240	0.511808	0.481938	0.489558	0.493519	0.491955	0.262122
0.496897	0.503402	0.476579	0.485133	0.490500	0.491598	0.374632
0.478471	0.465645	0.448005	0.463493	0.470973	0.473596	0.467480
0.604231	0.555896	0.514050	0.500905	0.500225	0.495538	0.012873
0.582623	0.538969	0.506988	0.495021	0.495172	0.489792	0.069148
0.492101	0.504615	0.480786	0.476474	0.478382	0.478825	0.196827
0.413482	0.467935	0.460514	0.454845	0.457487	0.457678	0.501063
0.488779	0.506915	0.485525	0.463783	0.457611	0.456401	0.687127
0.638298	0.571660	0.528564	0.511202	0.503987	0.499756	0.011967
0.587191	0.543631	0.512325	0.505413	0.500429	0.496868	0.135311
0.488784	0.496459	0.480911	0.477097	0.475482	0.474843	0.364361
0.369707	0.422486	0.446297	0.448303	0.449348	0.453053	0.575843
0.309749	0.340513	0.401753	0.399735	0.396916	0.396067	0.826916
0.610181	0.558527	0.517511	0.507668	0.507864	0.505172	0.052376
0.580369	0.548581	0.514596	0.509265	0.509358	0.508100	0.253058
0.530838	0.523061	0.495939	0.498127	0.501936	0.497187	0.375741
0.495649	0.503430	0.476518	0.484930	0.487088	0.488952	0.489880
0.472287	0.479631	0.461383	0.474461	0.481352	0.482038	0.565219
0.550775	0.526534	0.496093	0.484667	0.485377	0.486612	0.042668
0.441118	0.469584	0.460470	0.459430	0.466554	0.468900	0.142435
0.321342	0.390001	0.411062	0.420649	0.433316	0.441144	0.341114
0.314520	0.340248	0.382485	0.390653	0.402531	0.417300	0.471038
0.302639	0.300599	0.388313	0.399873	0.403657	0.400729	0.749795
0.625961	0.573596	0.526060	0.511253	0.507011	0.503481	0.056181
0.622877	0.571591	0.533126	0.511256	0.507459	0.504098	0.200969
0.589671	0.564526	0.526213	0.499519	0.494907	0.492122	0.310325
0.568899	0.553439	0.516922	0.494318	0.487752	0.485473	0.370599
0.609002	0.588103	0.536709	0.527348	0.523080	0.516288	0.031592
0.558929	0.560990	0.518139	0.515479	0.511993	0.509519	0.125135
0.506842	0.527475	0.493259	0.500094	0.502347	0.500557	0.244957
0.458803	0.496496	0.473794	0.481094	0.486485	0.486030	0.372947
0.413351	0.452730	0.440194	0.457084	0.467078	0.470965	0.501263
0.576867	0.574792	0.529836	0.523883	0.521595	0.514531	0.030282
0.538742	0.552271	0.516052	0.512157	0.510375	0.507850	0.064545
0.480978	0.524725	0.493545	0.487244	0.487376	0.483394	0.388892
0.495331	0.526226	0.511177	0.494970	0.488409	0.483569	0.607260
0.611954	0.595561	0.556565	0.517662	0.501433	0.490896	0.819082
0.605309	0.584005	0.534203	0.525975	0.520859	0.513267	0.027045
0.599259	0.582819	0.538041	0.528094	0.520774	0.513764	0.191014
0.478866	0.510503	0.502550	0.495969	0.491795	0.489905	0.485551
0.397573	0.475919	0.471709	0.459962	0.456557	0.453786	0.754413
0.302153	0.301585	0.389419	0.388009	0.384763	0.377593	0.955908
0.593556	0.581281	0.530945	0.523998	0.521473	0.516513	0.125646
0.548796	0.554787	0.513771	0.510783	0.511314	0.507358	0.318731
0.476254	0.515086	0.488440	0.496945	0.499142	0.496588	0.475221
0.436126	0.483862	0.459077	0.472001	0.479116	0.479861	0.600628
0.419587	0.455275	0.445049	0.459855	0.470270	0.473558	0.707734
0.557798	0.566029	0.527941	0.521639	0.518251	0.511044	0.024984
0.473944	0.520608	0.501373	0.498610	0.497971	0.495424	0.114349
0.321094	0.425657	0.438462	0.444663	0.452245	0.456381	0.259421
0.323094	0.367347	0.403159	0.409937	0.419359	0.426364	0.463945
0.299555	0.314462	0.384104	0.408960	0.410108	0.401054	0.895963
0.616385	0.598016	0.547366	0.535692	0.529567	0.520942	0.037807
0.607105	0.590119	0.543498	0.526659	0.521935	0.514966	0.163089
0.568387	0.575512	0.546087	0.519233	0.511498	0.503263	0.366567
0.541889	0.560520	0.528800	0.501464	0.494453	0.488178	0.452587
0.642050	0.602183	0.556152	0.542799	0.534504	0.527674	0.029159
0.603714	0.580574	0.543561	0.534278	0.528349	0.521110	0.081368
0.561749	0.556666	0.520550	0.515854	0.513754	0.509467	0.215496
0.517478	0.518661	0.488320	0.494435	0.498110	0.496816	0.383116
0.456670	0.470592	0.448006	0.463441	0.473139	0.477518	0.471591
0.657815	0.610946	0.561079	0.543664	0.536354	0.527775	0.000000
0.614711	0.586162	0.546145	0.531637	0.527234	0.520256	0.049884
0.542199	0.542168	0.518648	0.502347	0.496583	0.493953	0.328492
0.554330	0.578590	0.554738	0.522950	0.506723	0.499015	0.736937
0.608371	0.614900	0.594353	0.547593	0.521598	0.509449	0.832481
0.669464	0.617767	0.566051	0.543245	0.531951	0.525290	0.000294
0.633009	0.594231	0.549097	0.528781	0.521702	0.516435	0.118135
0.534413	0.529371	0.515042	0.503312	0.493758	0.491424	0.389335
0.392731	0.484361	0.460130	0.451782	0.443224	0.441050	0.696563
0.295929	0.333942	0.318829	0.340340	0.341630	0.344715	0.904305
0.627344	0.593008	0.549998	0.538153	0.531109	0.522934	0.067654
0.572900	0.562667	0.529083	0.525397	0.521635	0.516979	0.243427
0.527890	0.536108	0.504776	0.507980	0.509338	0.504957	0.498129
0.478194	0.508060	0.481466	0.488520	0.492407	0.491747	0.619963
0.432982	0.465686	0.450800	0.466187	0.474743	0.477299	0.724084
0.609867	0.583831	0.546982	0.529639	0.522595	0.517338	0.083456
0.537894	0.531388	0.508676	0.496920	0.496385	0.492439	0.215749
0.383969	0.419058	0.432092	0.437151	0.447491	0.453116	0.363120
0.361287	0.314040	0.351266	0.358458	0.372310	0.384129	0.571217
0.306483	0.358728	0.317738	0.361586	0.382347	0.385997	0.913013
0.653786	0.611856	0.569552	0.547239	0.534340	0.525085	0.116568
0.631660	0.604266	0.563356	0.540544	0.530055	0.519506	0.339159
0.574149	0.579872	0.550204	0.512931	0.499648	0.491850	0.605352
0.528622	0.545426	0.531070	0.490375	0.471195	0.467896	0.689729
0.573495	0.586492	0.559407	0.546659	0.538023	0.530801	0.027782
0.522428	0.556468	0.533125	0.526864	0.522089	0.517073	0.087857
0.475772	0.530639	0.503632	0.503605	0.504230	0.502194	0.251788
0.437058	0.492241	0.471862	0.480299	0.485190	0.484612	0.408695
0.415958	0.451181	0.438091	0.456270	0.464903	0.467973	0.517009
0.577671	0.589367	0.564813	0.548029	0.536855	0.528716	0.037193
0.522726	0.563456	0.548086	0.531647	0.521713	0.515364	0.075837
0.427116	0.506711	0.497875	0.482755	0.480724	0.481886	0.272774
0.462529	0.519636	0.510598	0.489671	0.477165	0.470526	0.743116
0.548260	0.572770	0.554678	0.516429	0.498618	0.485694	0.816164
0.574151	0.590428	0.570292	0.548367	0.535460	0.526701	0.038118
0.503800	0.557745	0.544365	0.526460	0.515248	0.508604	0.202935
0.409892	0.488018	0.485080	0.477645	0.474060	0.474154	0.409380
0.350785	0.463125	0.492389	0.480546	0.468936	0.466375	0.650820
0.293951	0.374844	0.445193	0.429210	0.416287	0.411934	0.824682
0.555930	0.577308	0.552565	0.539656	0.534647	0.523883	0.050821
0.513468	0.553874	0.532001	0.524335	0.521099	0.515717	0.292757
0.485039	0.535356	0.512650	0.509782	0.509403	0.504432	0.428868
0.461867	0.507017	0.485455	0.491402	0.496015	0.494674	0.595310
0.449275	0.485974	0.463087	0.476086	0.482732	0.483733	0.696540
0.522437	0.557711	0.545632	0.530006	0.523568	0.518123	0.060651
0.440851	0.505157	0.510568	0.499091	0.494139	0.487649	0.182437
0.352315	0.445157	0.469214	0.467232	0.468525	0.469764	0.348140
0.365050	0.436222	0.468030	0.462262	0.453525	0.450947	0.635791
0.287330	0.313129	0.415268	0.424170	0.425851	0.419546	0.777178
0.601849	0.601812	0.576454	0.558477	0.545662	0.534895	0.036407
0.610571	0.604054	0.573482	0.550341	0.537730	0.526540	0.139471
0.604125	0.599677	0.575557	0.548957	0.534578	0.521301	0.344892
0.590461	0.593494	0.573338	0.543814	0.527259	0.517321	0.457522
0.532575	0.542096	0.521085	0.510208	0.505989	0.499386	0.026574
0.479040	0.515307	0.499262	0.498436	0.498142	0.496836	0.089165
0.430748	0.494681	0.482821	0.487079	0.491574	0.489152	0.252299
0.399035	0.471645	0.455818	0.467626	0.474162	0.476917	0.434892
0.374485	0.440087	0.434938	0.454501	0.465760	0.468517	0.545271
0.544001	0.553541	0.532794	0.527263	0.522429	0.509737	0.023259
0.470653	0.511967	0.499197	0.490970	0.493704	0.488060	0.030891
0.282430	0.416131	0.435300	0.443054	0.451922	0.451316	0.409916
0.400069	0.466473	0.463573	0.461967	0.465416	0.464296	0.699413
0.552123	0.561375	0.540070	0.516008	0.502988	0.494921	0.808089
0.614654	0.596149	0.561348	0.544866	0.535789	0.522964	0.027567
0.496071	0.528514	0.518741	0.509574	0.504538	0.498467	0.143161
0.309853	0.415240	0.448829	0.459541	0.465524	0.465220	0.459942
0.270687	0.361212	0.424164	0.433596	0.430556	0.430436	0.779221
0.253781	0.264986	0.353599	0.372328	0.381707	0.377830	0.925690
0.585959	0.572516	0.542932	0.527640	0.521505	0.514509	0.027877
0.532051	0.542864	0.519188	0.515977	0.513167	0.511784	0.195120
0.466730	0.509249	0.501800	0.500241	0.499776	0.496802	0.381516
0.418329	0.481652	0.474004	0.483932	0.489029	0.487515	0.549040
0.395923	0.466394	0.454670	0.467451	0.475417	0.478559	0.726603
0.456121	0.511627	0.502516	0.497685	0.494606	0.487216	0.078072
0.323979	0.426228	0.451515	0.459701	0.466050	0.464327	0.201968
0.283579	0.346868	0.407959	0.429369	0.437877	0.439962	0.481980
0.272373	0.300800	0.390200	0.417054	0.414725	0.414225	0.778540
0.290423	0.344362	0.312310	0.360309	0.386529	0.389874	0.952775
0.560168	0.563453	0.535644	0.530039	0.522649	0.509481	0.069831
0.540718	0.555298	0.537282	0.529993	0.519748	0.506296	0.256400
0.435506	0.491923	0.512741	0.500247	0.488083	0.474464	0.514702
0.354739	0.442992	0.465455	0.462572	0.460531	0.446699	0.614887
0.593235	0.564794	0.521506	0.518516	0.515530	0.507774	0.104329
0.540991	0.538595	0.507310	0.505964	0.504843	0.502216	0.205708
0.506937	0.521414	0.495433	0.500571	0.502306	0.501395	0.349438
0.482914	0.489537	0.465945	0.474436	0.479105	0.479575	0.439167
0.451610	0.462293	0.446670	0.462758	0.472580	0.475745	0.498391
0.603979	0.573946	0.530352	0.524756	0.519216	0.513144	0.040969
0.544603	0.544644	0.516418	0.507504	0.498988	0.487323	0.160464
0.476987	0.500122	0.482887	0.474679	0.470450	0.467412	0.378421
0.387898	0.453676	0.450999	0.461328	0.460125	0.456364	0.704142
0.531983	0.542019	0.515052	0.495100	0.491249	0.482437	0.811723
0.618995	0.583247	0.541019	0.535591	0.526519	0.511942	0.078557
0.581755	0.561736	0.525401	0.522394	0.516024	0.500997	0.209039
0.473435	0.498065	0.482386	0.490624	0.487795	0.479359	0.405463
0.381319	0.447005	0.450802	0.462268	0.467963	0.464750	0.638977
0.331909	0.400449	0.440369	0.460157	0.451801	0.446989	0.785250
0.594596	0.567014	0.527794	0.523765	0.520418	0.512085	0.222083
0.557834	0.546190	0.515496	0.511809	0.511164	0.506835	0.325322
0.509964	0.517928	0.498103	0.499270	0.499956	0.497582	0.503035
0.484109	0.502049	0.480706	0.488345	0.492845	0.491164	0.594751
0.446054	0.465345	0.453659	0.466641	0.475963	0.477282	0.666608
0.554986	0.547032	0.516423	0.514332	0.510794	0.503828	0.066743
0.476025	0.500934	0.490708	0.496783	0.497519	0.495945	0.147199
0.389732	0.444060	0.457318	0.470296	0.472986	0.468979	0.399275
0.355182	0.406375	0.453197	0.464456	0.470544	0.462204	0.508410
0.334758	0.331159	0.413400	0.429599	0.431135	0.427120	0.749996
0.630611	0.584345	0.539923	0.534098	0.528148	0.518294	0.111255
0.628056	0.588825	0.552305	0.539244	0.529733	0.522679	0.285157
0.605888	0.581001	0.555222	0.543487	0.530787	0.512381	0.407726
0.579722	0.564227	0.549674	0.540394	0.524597	0.507220	0.516734
0.628293	0.569369	0.526305	0.521093	0.518532	0.514418	0.028457
0.582196	0.550010	0.509722	0.508610	0.508961	0.505227	0.120207
0.543871	0.525339	0.494390	0.495421	0.498062	0.494494	0.271600
0.521103	0.496742	0.468956	0.478647	0.484591	0.484816	0.412687
0.493904	0.480393	0.458514	0.470178	0.477812	0.480706	0.488561
0.631346	0.571538	0.531941	0.524539	0.520362	0.515185	0.028860
0.601425	0.558307	0.521060	0.517772	0.515258	0.512758	0.029868
0.534619	0.521514	0.496009	0.498230	0.500640	0.497566	0.235530
0.419554	0.471297	0.454087	0.464459	0.470510	0.472736	0.514454
0.436723	0.488481	0.475217	0.479817	0.481825	0.481693	0.695730
0.672738	0.602559	0.552914	0.538147	0.532725	0.526139	0.028659
0.627140	0.582807	0.536296	0.526184	0.523049	0.515568	0.042940
0.505925	0.522446	0.500823	0.498461	0.499230	0.496769	0.322600
0.395759	0.467777	0.472136	0.476711	0.481648	0.481953	0.546622
0.315188	0.330655	0.390824	0.409251	0.406934	0.416778	0.765875
0.639288	0.583469	0.539386	0.528734	0.525994	0.519844	0.031725
0.604615	0.560017	0.518021	0.515553	0.514493	0.510631	0.226116
0.546304	0.531890	0.501408	0.503068	0.503990	0.502245	0.375526
0.493099	0.499508	0.479922	0.488359	0.491296	0.490512	0.570449
0.468208	0.480700	0.462213	0.471333	0.478264	0.480338	0.699115
0.624203	0.578099	0.534893	0.526748	0.522255	0.517488	0.031725
0.573004	0.551411	0.525729	0.518904	0.516712	0.512113	0.187156
0.453479	0.487961	0.483091	0.485529	0.488839	0.489000	0.290016
0.299072	0.382078	0.412645	0.432404	0.445129	0.453433	0.484981
0.311733	0.308060	0.396001	0.412342	0.405898	0.407023	0.758275
0.656117	0.596832	0.545666	0.537778	0.529907	0.523699	0.143308
0.640358	0.586311	0.541498	0.529466	0.523466	0.518281	0.289023
0.565761	0.551408	0.527796	0.512565	0.506909	0.502324	0.553583
0.519543	0.531476	0.518384	0.498793	0.489672	0.482989	0.565118
0.566368	0.541237	0.515799	0.516294	0.511755	0.507368	0.005539
0.514340	0.510393	0.491871	0.496044	0.499060	0.496816	0.109029
0.463749	0.487079	0.470497	0.480080	0.485978	0.486507	0.204356
0.429015	0.470617	0.452936	0.468560	0.477260	0.481508	0.325231
0.400104	0.445232	0.439792	0.454982	0.464673	0.465852	0.469608
0.575903	0.547271	0.525904	0.523466	0.520784	0.516055	0.002154
0.543103	0.523365	0.506928	0.508401	0.508575	0.504291	0.033951
0.399840	0.448337	0.454962	0.467113	0.474207	0.475717	0.258088
0.366014	0.447608	0.454161	0.466301	0.471958	0.474626	0.586040
0.456977	0.498280	0.479761	0.484178	0.487335	0.487211	0.723660
0.592451	0.560535	0.530647	0.526481	0.522229	0.517345	0.002141
0.544515	0.525789	0.511881	0.508351	0.506929	0.503644	0.072520
0.405411	0.449543	0.462355	0.473698	0.478204	0.479353	0.385885
0.347616	0.409225	0.440066	0.458157	0.463728	0.465865	0.630620
0.315489	0.385721	0.423767	0.438424	0.442241	0.447584	0.804854
0.565265	0.542429	0.514539	0.513466	0.512155	0.508609	0.011536
0.534401	0.526063	0.508107	0.510417	0.510142	0.505835	0.088824
0.482165	0.500408	0.485902	0.489868	0.493605	0.493030	0.264691
0.449070	0.488869	0.474305	0.484701	0.489180	0.490142	0.467049
0.420024	0.466374	0.455906	0.468219	0.478420	0.481630	0.638799
0.482118	0.500142	0.495297	0.497582	0.500515	0.498400	0.047046
0.349926	0.412316	0.445615	0.458104	0.469576	0.474278	0.249072
0.310875	0.383058	0.438378	0.455855	0.465440	0.466172	0.408100
0.327811	0.396354	0.444783	0.448768	0.455441	0.461152	0.588777
0.318928	0.373516	0.429404	0.423998	0.422670	0.430709	0.785378
0.585437	0.556429	0.534832	0.527765	0.523750	0.518336	0.097268
0.579940	0.550388	0.532916	0.528494	0.523922	0.518848	0.209819
0.545221	0.529479	0.534631	0.522120	0.517371	0.512447	0.352458
0.536057	0.528520	0.529669	0.518299	0.514022	0.509623	0.416757
0.562195	0.536519	0.498636	0.499492	0.500194	0.499441	0.033320
0.519846	0.521632	0.483753	0.491090	0.495076	0.495774	0.065236
0.483812	0.497346	0.471666	0.482908	0.486460	0.484903	0.171903
0.459595	0.484863	0.464001	0.473865	0.479853	0.479666	0.236539
0.435255	0.458361	0.440817	0.457030	0.465135	0.468196	0.357941
0.529862	0.516467	0.486246	0.492109	0.495398	0.494599	0.032371
0.541078	0.526846	0.490793	0.496512	0.498601	0.495217	0.068200
0.445692	0.479401	0.462246	0.473363	0.478716	0.482544	0.219959
0.437058	0.472170	0.460892	0.471174	0.478952	0.482462	0.549672
0.512074	0.522298	0.491840	0.494167	0.495500	0.496133	0.710220
0.576759	0.545835	0.506658	0.506901	0.506017	0.502420	0.026943
0.548166	0.529590	0.498244	0.503877	0.505651	0.501520	0.074380
0.440492	0.471336	0.467258	0.477495	0.482230	0.483699	0.245089
0.370112	0.438702	0.449689	0.459654	0.464198	0.468467	0.545794
0.319564	0.370662	0.426262	0.422544	0.426215	0.430905	0.810573
0.570940	0.545737	0.503620	0.507129	0.506663	0.503880	0.046471
0.542994	0.529589	0.494516	0.498733	0.499096	0.498128	0.246678
0.511501	0.514701	0.486004	0.492068	0.494664	0.494352	0.370894
0.485383	0.503034	0.477971	0.484728	0.489805	0.489846	0.483852
0.461987	0.492384	0.464348	0.474531	0.480737	0.482863	0.644948
0.513421	0.518542	0.488396	0.494932	0.498796	0.498218	0.044255
0.416505	0.471818	0.462344	0.471077	0.479904	0.481706	0.121626
0.325031	0.417677	0.430515	0.451574	0.462933	0.466963	0.247087
0.357723	0.404728	0.445385	0.455748	0.462509	0.466827	0.404821
0.321873	0.328370	0.410483	0.414876	0.414605	0.420326	0.762872
0.578085	0.551829	0.514696	0.513519	0.512102	0.510484	0.075542
0.554823	0.541725	0.508394	0.511024	0.509373	0.506767	0.200369
0.501387	0.505918	0.501005	0.504569	0.504317	0.501665	0.399110
0.483985	0.509225	0.501783	0.479969	0.486730	0.485117	0.087792
0.437630	0.496051	0.487024	0.479662	0.485087	0.484590	0.149679
0.404043	0.481937	0.475267	0.484969	0.489779	0.490567	0.274742
0.385980	0.469071	0.458965	0.471654	0.479314	0.478839	0.375346
0.376335	0.429739	0.425782	0.446968	0.459090	0.464471	0.479589
0.473506	0.494957	0.500652	0.472521	0.478641	0.473460	0.022005
0.380458	0.446819	0.471959	0.447886	0.445751	0.443685	0.134202
0.305257	0.416548	0.464077	0.446251	0.434511	0.427422	0.646726
0.380174	0.469475	0.496994	0.466014	0.447951	0.437788	0.761771
0.475170	0.531730	0.541684	0.503984	0.483980	0.465957	0.846264
0.524235	0.533882	0.544998	0.504800	0.494094	0.481785	0.044337
0.398374	0.456448	0.496992	0.483675	0.468867	0.452832	0.237538
0.299397	0.360731	0.433771	0.429951	0.423612	0.418002	0.558713
0.293640	0.280851	0.360927	0.370369	0.372308	0.371715	0.761955
0.264319	0.307725	0.327135	0.362011	0.364617	0.360258	0.977123
0.502748	0.513536	0.510379	0.489203	0.491564	0.487227	0.169833
0.465996	0.498451	0.498181	0.492232	0.493575	0.491403	0.271892
0.423446	0.481891	0.488886	0.490080	0.494017	0.491130	0.447987
0.403946	0.468647	0.474978	0.484883	0.490611	0.491575	0.568643
0.404476	0.458520	0.459304	0.471344	0.480565	0.482973	0.680636
0.450895	0.480009	0.495656	0.467045	0.466149	0.460016	0.036967
0.330092	0.412103	0.457714	0.441033	0.441932	0.442052	0.149343
0.298765	0.325497	0.410066	0.417131	0.419878	0.412982	0.262240
0.288118	0.295562	0.377692	0.404015	0.407679	0.398003	0.538365
0.320088	0.359000	0.328098	0.381293	0.410871	0.409532	0.856256
0.514975	0.519851	0.521042	0.489696	0.489665	0.482782	0.026858
0.511788	0.512554	0.514572	0.490161	0.485174	0.474181	0.144776
0.477057	0.493341	0.511048	0.492313	0.478733	0.463738	0.279523
0.453347	0.478404	0.504222	0.489332	0.473774	0.461014	0.378507
0.417427	0.485993	0.495601	0.493183	0.496077	0.493663	0.052354
0.410106	0.481579	0.488579	0.490908	0.493666	0.492555	0.130219
0.392197	0.472846	0.474795	0.486301	0.490590	0.491540	0.216470
0.379947	0.469931	0.460892	0.472593	0.479752	0.480886	0.312143
0.363180	0.430991	0.424491	0.444471	0.458208	0.463255	0.440315
0.393043	0.484379	0.495064	0.494945	0.498603	0.493003	0.008109
0.370631	0.465144	0.471901	0.466997	0.468463	0.469056	0.180489
0.366079	0.455911	0.456981	0.450457	0.450225	0.454586	0.517848
0.555349	0.572621	0.540663	0.500211	0.482451	0.474540	0.724555
0.573007	0.587497	0.554725	0.507177	0.489118	0.481862	0.790682
0.485626	0.529567	0.524569	0.515602	0.512267	0.504005	0.008125
0.423878	0.477058	0.483290	0.467402	0.457046	0.458427	0.176319
0.313403	0.423006	0.450260	0.445206	0.440109	0.436783	0.517954
0.289611	0.349375	0.405751	0.400396	0.398884	0.397687	0.808429
0.290571	0.315038	0.370422	0.387206	0.395058	0.385896	0.972080
0.392599	0.474717	0.486614	0.488332	0.492205	0.490301	0.066060
0.367526	0.454693	0.474960	0.482476	0.488398	0.488423	0.270288
0.373098	0.451797	0.464032	0.473526	0.479915	0.481872	0.402802
0.363036	0.449317	0.450328	0.466652	0.475029	0.477086	0.487372
0.375388	0.446175	0.442611	0.460135	0.469856	0.472745	0.606523
0.306228	0.418416	0.445960	0.454045	0.463293	0.466002	0.055759
0.282748	0.377311	0.414794	0.417607	0.430384	0.439254	0.361151
0.321738	0.350035	0.421000	0.411700	0.406314	0.412562	0.583247
0.315772	0.326130	0.409500	0.414205	0.422992	0.411109	0.800442
0.335044	0.354923	0.361627	0.393107	0.402921	0.392725	0.912743
0.429847	0.498951	0.504196	0.496696	0.499593	0.497332	0.090437
0.428091	0.501424	0.494906	0.486518	0.488690	0.485963	0.212385
0.401486	0.475810	0.480572	0.459204	0.451653	0.451148	0.341556
0.390237	0.466144	0.475369	0.451998	0.440977	0.436980	0.389413
0.628944	0.564692	0.516395	0.511690	0.511354	0.508287	0.013529
0.565169	0.532347	0.494323	0.497625	0.500274	0.497797	0.063617
0.528017	0.501111	0.473329	0.479799	0.484432	0.485296	0.136469
0.497777	0.491111	0.464929	0.475612	0.482102	0.483359	0.250446
0.470836	0.461404	0.444776	0.459050	0.470058	0.474567	0.381163
0.575476	0.530326	0.498604	0.501441	0.501647	0.500574	0.016044
0.574941	0.531874	0.496360	0.497454	0.500994	0.498150	0.074939
0.571882	0.540807	0.503425	0.504283	0.503821	0.500958	0.154162
0.493655	0.497610	0.471735	0.481332	0.486948	0.485156	0.322037
0.417828	0.472000	0.456215	0.468999	0.476845	0.479478	0.551065
0.635891	0.564792	0.521624	0.516735	0.514023	0.510240	0.015411
0.642304	0.569391	0.523759	0.521265	0.517958	0.512302	0.056298
0.590888	0.542983	0.505327	0.505813	0.506156	0.503402	0.178762
0.492244	0.489403	0.473240	0.479449	0.485980	0.487604	0.379203
0.412575	0.452612	0.454352	0.468819	0.474919	0.477935	0.609030
0.642461	0.564949	0.519691	0.515720	0.512972	0.507115	0.022738
0.634215	0.568539	0.522352	0.518125	0.515892	0.510811	0.092167
0.591389	0.543773	0.501004	0.500672	0.502233	0.500421	0.332709
0.539326	0.513561	0.483810	0.490791	0.494113	0.495248	0.400978
0.505421	0.492269	0.462704	0.473944	0.480282	0.482431	0.575855
0.630407	0.572547	0.523136	0.519233	0.516126	0.513399	0.015862
0.616964	0.564474	0.517919	0.513055	0.511158	0.508390	0.109800
0.552579	0.532373	0.496804	0.498926	0.502029	0.498469	0.179801
0.436996	0.471623	0.461078	0.471500	0.477887	0.479891	0.290320
0.341811	0.406243	0.430337	0.450847	0.460828	0.464133	0.441840
0.649804	0.584878	0.531186	0.525113	0.522942	0.517003	0.046767
0.661559	0.582292	0.534733	0.526298	0.522516	0.515185	0.183250
0.642039	0.583256	0.541412	0.532863	0.527427	0.523385	0.356077
0.562003	0.547760	0.530200	0.521368	0.517304	0.511398	0.469925
0.492755	0.484129	0.466326	0.476887	0.483508	0.485459	0.028506
0.485896	0.482301	0.461629	0.472636	0.478145	0.479172	0.060272
0.471145	0.478836	0.456091	0.468628	0.475426	0.479376	0.116695
0.450998	0.470362	0.452116	0.466094	0.474229	0.476411	0.201859
0.438906	0.453444	0.438558	0.454373	0.465148	0.468814	0.336186
0.459131	0.472243	0.453762	0.466512	0.474015	0.475651	0.021995
0.442341	0.469187	0.455064	0.468740	0.476046	0.476506	0.046741
0.380102	0.445018	0.432417	0.450781	0.463040	0.468523	0.134775
0.380425	0.454556	0.449332	0.464664	0.472066	0.475131	0.462546
0.496692	0.522716	0.494782	0.494103	0.496291	0.494298	0.734366
0.482748	0.481456	0.458091	0.469257	0.477079	0.478292	0.022350
0.419145	0.455945	0.445490	0.461707	0.471321	0.473733	0.044189
0.384678	0.449487	0.443720	0.459846	0.468639	0.472338	0.170479
0.367554	0.436912	0.437545	0.456098	0.463995	0.470469	0.377391
0.382818	0.435781	0.456647	0.471014	0.472526	0.474094	0.617103
0.476049	0.476065	0.457178	0.469667	0.475834	0.477280	0.004041
0.460284	0.472961	0.455884	0.469631	0.477755	0.480374	0.190149
0.447198	0.457852	0.443144	0.458534	0.464877	0.468944	0.337513
0.431392	0.453741	0.443025	0.458794	0.466857	0.468782	0.451414
0.425391	0.450134	0.436065	0.454666	0.465542	0.470138	0.609818
0.456683	0.463612	0.450063	0.464057	0.471077	0.473324	0.012523
0.416289	0.439402	0.431117	0.447617	0.457795	0.462795	0.067628
0.364201	0.412255	0.418780	0.442291	0.455032	0.461971	0.230962
0.329568	0.394041	0.417962	0.441691	0.456073	0.461369	0.340858
0.350145	0.358317	0.418962	0.435159	0.435312	0.445214	0.569738
0.500115	0.488016	0.467766	0.477352	0.483518	0.483633	0.105398
0.501187	0.484465	0.463340	0.474412	0.479474	0.480304	0.238840
0.485367	0.473419	0.463596	0.474043	0.481304	0.482680	0.452383
0.593893	0.570170	0.535291	0.532807	0.526051	0.518918	0.032476
0.504180	0.523978	0.501846	0.504909	0.505254	0.500228	0.151055
0.456762	0.504303	0.481852	0.489565	0.492815	0.489716	0.254612
0.428418	0.488241	0.464964	0.477796	0.483735	0.485317	0.384169
0.405172	0.461520	0.442209	0.457728	0.466868	0.469378	0.487483
0.631502	0.602127	0.565164	0.547667	0.525759	0.512174	0.016972
0.502512	0.537777	0.501623	0.486996	0.479074	0.475131	0.273514
0.448991	0.504850	0.495912	0.469993	0.456549	0.455995	0.531660
0.479235	0.522347	0.520059	0.495938	0.482464	0.475980	0.654502
0.548954	0.565415	0.547770	0.511524	0.493965	0.482332	0.770318
0.608414	0.602419	0.575948	0.558590	0.531986	0.512810	0.031247
0.486658	0.530766	0.524255	0.515687	0.498680	0.485814	0.267004
0.393400	0.469174	0.490776	0.493314	0.474535	0.466346	0.508630
0.346316	0.427647	0.472381	0.468565	0.457919	0.447207	0.763424
0.321450	0.323460	0.413499	0.414307	0.408887	0.398307	0.907292
0.633955	0.594624	0.554004	0.542444	0.534974	0.526784	0.031954
0.570274	0.559537	0.524297	0.522487	0.518133	0.510947	0.193461
0.518947	0.531997	0.512880	0.512201	0.509134	0.505010	0.352432
0.480209	0.504589	0.487150	0.495486	0.499433	0.498060	0.505370
0.453139	0.490233	0.468968	0.479064	0.485392	0.486061	0.641992
0.526531	0.562423	0.552366	0.543498	0.525172	0.512206	0.058938
0.377228	0.495091	0.518062	0.514251	0.499461	0.490423	0.226532
0.352499	0.437645	0.495326	0.491199	0.477413	0.466595	0.461503
0.336301	0.326499	0.413486	0.435351	0.429364	0.422292	0.673304
0.347075	0.375193	0.337003	0.373608	0.383412	0.372844	0.965805
0.658038	0.626577	0.585356	0.571490	0.548218	0.532422	0.091671
0.642863	0.628209	0.610683	0.583405	0.555891	0.536048	0.305203
0.495434	0.523804	0.555867	0.512827	0.491456	0.472795	0.640590
0.663319	0.580463	0.529860	0.524449	0.522052	0.516925	0.022140
0.611864	0.562134	0.523018	0.518543	0.516373	0.511593	0.136921
0.566807	0.522745	0.487811	0.492622	0.494751	0.492023	0.295296
0.525358	0.491479	0.466983	0.475349	0.481784	0.482715	0.437237
0.481517	0.460857	0.449951	0.466079	0.474109	0.476953	0.536122
0.675542	0.596521	0.538217	0.531153	0.525539	0.519518	0.020702
0.669721	0.590876	0.534630	0.528365	0.522363	0.513166	0.078837
0.618069	0.572807	0.522394	0.520469	0.517505	0.513367	0.155843
0.415648	0.478813	0.457847	0.470763	0.477997	0.480478	0.429371
0.437573	0.494471	0.479868	0.488637	0.492215	0.491173	0.729901
0.691280	0.602527	0.542724	0.533250	0.528182	0.519025	0.065431
0.680068	0.596494	0.537030	0.528585	0.521428	0.516823	0.166944
0.628341	0.571776	0.526202	0.523823	0.521482	0.514472	0.247797
0.422095	0.472682	0.457252	0.468048	0.474469	0.477311	0.408123
0.348487	0.419061	0.446693	0.462210	0.469253	0.472289	0.682337
0.681096	0.597488	0.539455	0.530890	0.525963	0.520359	0.124647
0.662031	0.588226	0.534368	0.528153	0.522882	0.514987	0.290345
0.622247	0.560839	0.521710	0.518091	0.513044	0.509228	0.439697
0.564723	0.529450	0.496556	0.498934	0.499141	0.496501	0.571498
0.520924	0.499737	0.473762	0.481472	0.486474	0.486386	0.659032
0.656586	0.589980	0.537489	0.530328	0.523585	0.516466	0.074177
0.590774	0.557835	0.514808	0.512276	0.510737	0.504940	0.162926
0.394190	0.464000	0.456864	0.468775	0.474695	0.476944	0.295628
0.273506	0.372136	0.407668	0.432915	0.447633	0.453842	0.470207
0.336743	0.352055	0.416141	0.438316	0.451437	0.455983	0.654704
0.682549	0.604441	0.545429	0.535989	0.529217	0.522906	0.094336
0.676297	0.613665	0.555529	0.546040	0.539572	0.530357	0.265063
0.619547	0.585128	0.543833	0.534456	0.528681	0.520926	0.409732
0.585787	0.565922	0.536305	0.530872	0.524589	0.517025	0.506456
0.598201	0.538693	0.502410	0.501472	0.500973	0.498110	0.000000
0.561149	0.528011	0.495505	0.497334	0.498428	0.497071	0.056561
0.538126	0.515127	0.484574	0.491356	0.494635	0.492926	0.131855
0.512084	0.490713	0.463854	0.476460	0.483235	0.484361	0.267465
0.485385	0.466093	0.445514	0.460076	0.470307	0.474542	0.441762
0.621299	0.558324	0.512454	0.510685	0.508653	0.504162	0.000208
0.610381	0.552254	0.513126	0.514271	0.512927	0.508639	0.009289
0.589312	0.541874	0.506610	0.510258	0.510004	0.505982	0.037806
0.492595	0.497795	0.477031	0.483823	0.487720	0.489166	0.269258
0.444248	0.478427	0.466965	0.478329	0.482927	0.481782	0.638936
0.646518	0.569178	0.522096	0.519766	0.515478	0.510883	0.000208
0.637652	0.559654	0.517265	0.516047	0.513488	0.510642	0.044763
0.584699	0.540236	0.512226	0.511614	0.509076	0.507280	0.159952
0.474415	0.486440	0.474509	0.484110	0.487572	0.488594	0.394424
0.387859	0.448086	0.454679	0.467094	0.472799	0.474881	0.693041
0.615369	0.548509	0.507544	0.507962	0.507374	0.502343	0.017510
0.588141	0.538742	0.504935	0.507266	0.506543	0.502403	0.143125
0.552964	0.520847	0.489732	0.495547	0.497409	0.494760	0.322969
0.521082	0.503819	0.475241	0.481572	0.485496	0.485955	0.518165
0.498679	0.476075	0.460379	0.473914	0.481199	0.482731	0.672643
0.606528	0.558759	0.517988	0.517391	0.513332	0.507570	0.013494
0.575205	0.540388	0.504605	0.505757	0.506300	0.505615	0.078074
0.498940	0.509850	0.488457	0.493573	0.493740	0.491786	0.207243
0.384505	0.443363	0.448413	0.463959	0.471160	0.473485	0.350514
0.351315	0.426193	0.452206	0.468478	0.473257	0.474892	0.590394
0.635274	0.571414	0.523203	0.521226	0.517203	0.512666	0.023420
0.647401	0.583308	0.530597	0.524299	0.518588	0.511422	0.156705
0.650514	0.595989	0.551731	0.543289	0.534860	0.527757	0.369062
0.645301	0.592707	0.546103	0.537260	0.528453	0.521316	0.458282
0.549461	0.518624	0.506339	0.505196	0.505171	0.502991	0.012407
0.495021	0.483982	0.477849	0.483718	0.488236	0.488677	0.081070
0.471850	0.481774	0.471874	0.481996	0.487682	0.488842	0.183266
0.430560	0.468737	0.456232	0.468178	0.475356	0.478312	0.324758
0.399389	0.434438	0.431875	0.450882	0.460059	0.465236	0.467743
0.523295	0.507859	0.499891	0.500322	0.501270	0.497242	0.015565
0.501109	0.497564	0.497137	0.496700	0.498303	0.496031	0.063270
0.446485	0.468633	0.473003	0.482634	0.484602	0.486637	0.323963
0.466920	0.497156	0.493906	0.487889	0.489413	0.488327	0.567924
0.621497	0.609024	0.578009	0.529346	0.511095	0.504343	0.765559
0.580307	0.539689	0.517165	0.512418	0.512287	0.506590	0.014624
0.532355	0.523237	0.514954	0.510637	0.510248	0.508115	0.106412
0.447759	0.485526	0.492176	0.490116	0.490562	0.490868	0.380948
0.395626	0.467601	0.481967	0.473840	0.467091	0.471178	0.665182
0.293092	0.357847	0.433901	0.414925	0.407475	0.412384	0.820598
0.539006	0.517214	0.505005	0.504943	0.505503	0.502524	0.030943
0.497458	0.496703	0.495622	0.499844	0.500688	0.498164	0.208240
0.459956	0.469657	0.478156	0.486503	0.489427	0.488686	0.320127
0.418189	0.454592	0.458898	0.471427	0.477437	0.479662	0.513709
0.394363	0.445772	0.444179	0.461447	0.470219	0.473358	0.598478
0.502201	0.500262	0.492427	0.493322	0.495664	0.495199	0.047668
0.411111	0.445129	0.458054	0.469110	0.475950	0.478982	0.177046
0.304964	0.390527	0.430216	0.441098	0.451290	0.457838	0.359401
0.333466	0.352558	0.407145	0.403129	0.406235	0.419632	0.587549
0.310141	0.314198	0.399780	0.400602	0.403266	0.399413	0.790275
0.558025	0.531758	0.513534	0.509729	0.508927	0.503445	0.013177
0.558923	0.536071	0.518383	0.512779	0.510193	0.506873	0.142370
0.542649	0.539927	0.526300	0.510404	0.509660	0.508128	0.258125
0.540385	0.538829	0.530429	0.510814	0.507839	0.501888	0.323351
0.540284	0.535283	0.516211	0.514642	0.512312	0.509107	0.040322
0.492368	0.510231	0.494341	0.498760	0.500270	0.499514	0.069080
0.449164	0.488805	0.468530	0.479410	0.485526	0.487978	0.223948
0.421826	0.476502	0.458216	0.472381	0.479909	0.481281	0.401099
0.393504	0.435245	0.433059	0.452472	0.462284	0.466942	0.476060
0.515192	0.523134	0.504057	0.505319	0.504967	0.502617	0.022606
0.448542	0.486156	0.477340	0.484484	0.487362	0.487899	0.091709
0.372569	0.446552	0.449944	0.460450	0.469975	0.472440	0.362078
0.411501	0.482810	0.473248	0.461913	0.465233	0.468411	0.699263
0.579163	0.595726	0.565643	0.515451	0.496855	0.491227	0.827044
0.550997	0.539113	0.512926	0.511608	0.507493	0.501789	0.054907
0.476173	0.503915	0.500522	0.496191	0.490930	0.488836	0.150310
0.355475	0.423869	0.464437	0.464836	0.462877	0.465285	0.372920
0.310799	0.360813	0.431253	0.433217	0.429405	0.434322	0.723122
0.274073	0.277036	0.365868	0.388073	0.390572	0.385972	0.887085
0.535312	0.532821	0.510987	0.509664	0.507607	0.505224	0.086900
0.493619	0.507517	0.489509	0.495911	0.497277	0.497145	0.254457
0.449260	0.492487	0.478241	0.487661	0.491787	0.491069	0.490956
0.432591	0.470091	0.460642	0.472488	0.478787	0.480050	0.617730
0.420806	0.466699	0.451686	0.465505	0.473273	0.475422	0.735444
0.486522	0.498818	0.492378	0.493147	0.494313	0.491547	0.035081
0.401330	0.444411	0.461841	0.472401	0.477583	0.479489	0.172279
0.302928	0.332874	0.401976	0.421407	0.429341	0.439280	0.364939
0.311895	0.311162	0.401851	0.420165	0.424104	0.423000	0.606542
0.310040	0.352562	0.321164	0.374861	0.397435	0.396685	0.868067
0.570076	0.547519	0.522706	0.517706	0.513839	0.509528	0.061938
0.577771	0.552423	0.523874	0.520144	0.518624	0.512527	0.223733
0.564724	0.541036	0.529330	0.518063	0.509749	0.505021	0.369587
0.555809	0.534980	0.525719	0.514836	0.505839	0.502301	0.458626
0.511545	0.511773	0.493559	0.497356	0.499533	0.494578	0.050866
0.453112	0.479371	0.471479	0.476919	0.482659	0.483133	0.187574
0.420667	0.474322	0.467563	0.479044	0.484393	0.487375	0.322696
0.399799	0.462178	0.451161	0.466689	0.474367	0.476396	0.431555
0.388663	0.436414	0.425409	0.445890	0.458471	0.464189	0.544838
0.510954	0.515292	0.498229	0.496891	0.498601	0.495078	0.027168
0.468432	0.498407	0.486029	0.492347	0.490254	0.488197	0.098655
0.402492	0.470623	0.463324	0.463936	0.469340	0.472905	0.425072
0.388592	0.478029	0.484790	0.471294	0.470801	0.472632	0.744926
0.551203	0.579608	0.571960	0.524419	0.504813	0.490762	0.845802
0.537579	0.531910	0.510655	0.507183	0.503310	0.499072	0.031707
0.489913	0.508091	0.497264	0.493035	0.487154	0.482409	0.182316
0.385626	0.459607	0.474374	0.466991	0.462416	0.459925	0.434438
0.298627	0.415807	0.455979	0.459224	0.456128	0.445940	0.681236
0.265879	0.298515	0.371691	0.382188	0.391253	0.384305	0.885726
0.525734	0.520663	0.502848	0.501938	0.500938	0.500008	0.094844
0.487137	0.498363	0.488062	0.493462	0.495979	0.493650	0.309781
0.429739	0.470092	0.469800	0.479292	0.485018	0.486332	0.524452
0.398378	0.461297	0.458413	0.472101	0.478426	0.480752	0.653247
0.411636	0.459062	0.450127	0.464107	0.470786	0.471693	0.752071
0.484851	0.505097	0.496180	0.498968	0.498263	0.493475	0.087942
0.405362	0.464459	0.469287	0.478892	0.482060	0.483342	0.229960
0.292023	0.399718	0.423202	0.440742	0.451655	0.455830	0.380931
0.335749	0.355246	0.409609	0.420213	0.418489	0.420962	0.569354
0.315716	0.343408	0.318281	0.359763	0.352497	0.356720	0.845567
0.540662	0.528224	0.509641	0.505742	0.506122	0.504147	0.073889
0.532511	0.531898	0.518903	0.509148	0.505776	0.501950	0.198001
0.497788	0.518094	0.513458	0.500616	0.496227	0.489140	0.389842
0.482702	0.513942	0.509217	0.493637	0.489272	0.480576	0.470886
0.490724	0.514239	0.492136	0.479027	0.482680	0.478289	0.002501
0.445801	0.490573	0.477684	0.476596	0.481632	0.482404	0.105028
0.423281	0.472868	0.460950	0.468834	0.475844	0.479131	0.184517
0.409474	0.464651	0.453189	0.467178	0.474537	0.476549	0.381884
0.396359	0.446688	0.438936	0.455572	0.465825	0.470032	0.513078
0.444662	0.494473	0.479765	0.464138	0.462947	0.460511	0.013677
0.438978	0.494154	0.486392	0.473056	0.467676	0.467051	0.075115
0.349069	0.439569	0.447031	0.436951	0.434672	0.439032	0.300448
0.357757	0.440430	0.453502	0.442730	0.443428	0.444148	0.599293
0.542719	0.549040	0.535712	0.504335	0.488191	0.480167	0.829291
0.508108	0.524734	0.502706	0.484883	0.474448	0.470352	0.017065
0.451317	0.497507	0.489956	0.469868	0.465216	0.464157	0.171858
0.346765	0.430665	0.448322	0.434115	0.439444	0.441233	0.364208
0.313566	0.399595	0.437272	0.424759	0.426056	0.428589	0.670977
0.268691	0.343562	0.420249	0.406958	0.398921	0.396366	0.910231
0.507321	0.521621	0.500357	0.485270	0.489513	0.487891	0.032260
0.462478	0.499541	0.485196	0.478076	0.482536	0.485130	0.138743
0.419564	0.478862	0.469420	0.468972	0.475337	0.477017	0.335892
0.412045	0.455027	0.450465	0.463122	0.472435	0.475583	0.512508
0.394853	0.450176	0.442124	0.458157	0.467255	0.469908	0.738256
0.379778	0.466454	0.464664	0.460367	0.459466	0.458953	0.034108
0.291026	0.416522	0.435499	0.431352	0.432727	0.436700	0.188499
0.272206	0.376781	0.418680	0.421084	0.420975	0.425383	0.470544
0.306791	0.393876	0.450303	0.437594	0.428087	0.429446	0.670046
0.262056	0.293599	0.397638	0.411697	0.414946	0.404185	0.879711
0.476532	0.514171	0.495739	0.483153	0.479986	0.476243	0.056443
0.460802	0.514129	0.499266	0.481138	0.473861	0.469015	0.192126
0.416829	0.488497	0.498953	0.480982	0.470488	0.465271	0.370885
0.401497	0.478714	0.497675	0.478858	0.467280	0.462526	0.450367
0.680758	0.606774	0.547049	0.533106	0.527823	0.520956	0.032498
0.620078	0.576365	0.527089	0.520652	0.518611	0.515198	0.130996
0.581599	0.556718	0.513505	0.515793	0.513727	0.508957	0.258897
0.536288	0.519101	0.483231	0.489338	0.492044	0.491467	0.381888
0.486054	0.474810	0.459327	0.472995	0.480111	0.482255	0.512603
0.712129	0.623545	0.559004	0.543676	0.536573	0.527406	0.024131
0.713461	0.629217	0.563498	0.546471	0.540322	0.532277	0.042972
0.641640	0.585771	0.539140	0.524362	0.517504	0.511418	0.180693
0.474600	0.510195	0.502602	0.494792	0.495492	0.492334	0.537272
0.460283	0.499381	0.503405	0.493691	0.490343	0.489315	0.666299
0.738859	0.637646	0.569511	0.553423	0.545088	0.535569	0.018268
0.692951	0.616521	0.560151	0.545301	0.537701	0.526717	0.090044
0.609350	0.566414	0.534196	0.524460	0.516428	0.512063	0.306238
0.507926	0.500003	0.508311	0.500669	0.491714	0.486907	0.501412
0.365928	0.416893	0.457742	0.447063	0.441167	0.438723	0.753767
0.685618	0.612109	0.555239	0.542398	0.534510	0.524828	0.198400
0.648186	0.590062	0.534659	0.526050	0.522888	0.517830	0.296648
0.601812	0.565824	0.519028	0.515658	0.513832	0.510114	0.422267
0.558598	0.533329	0.499116	0.504311	0.505934	0.503493	0.546638
0.531640	0.504048	0.480243	0.488408	0.491052	0.490251	0.635856
0.704105	0.617224	0.559802	0.545271	0.537725	0.526977	0.011442
0.680930	0.603668	0.555082	0.541446	0.536103	0.526555	0.083287
0.573122	0.540628	0.517375	0.511581	0.509983	0.508138	0.241583
0.357303	0.421304	0.447662	0.455727	0.464809	0.468665	0.415576
0.361003	0.394216	0.454901	0.448545	0.447872	0.448994	0.657591
0.725350	0.621801	0.562841	0.544278	0.538910	0.529104	0.124708
0.730583	0.629207	0.568348	0.553568	0.546350	0.534023	0.289588
0.729706	0.629893	0.582838	0.563704	0.551310	0.538696	0.392930
0.723501	0.630739	0.585265	0.564934	0.552773	0.541887	0.505777
0.525289	0.500629	0.496724	0.497011	0.498590	0.496425	0.031449
0.460311	0.466790	0.465870	0.473310	0.479322	0.481926	0.135602
0.421897	0.454845	0.456865	0.471132	0.476957	0.479608	0.236730
0.391899	0.452862	0.446262	0.461937	0.471449	0.474619	0.355141
0.376173	0.430802	0.428420	0.449419	0.461269	0.465098	0.463235
0.446455	0.465118	0.475532	0.486780	0.491509	0.490483	0.019647
0.482154	0.483697	0.487992	0.493966	0.495519	0.496224	0.124728
0.341930	0.413656	0.436775	0.456028	0.466675	0.470941	0.307087
0.398010	0.465080	0.463611	0.469349	0.475020	0.477816	0.663131
0.549995	0.564800	0.528377	0.503780	0.501707	0.498887	0.780081
0.573501	0.526547	0.516583	0.513884	0.512361	0.509411	0.004010
0.515484	0.512427	0.510060	0.510781	0.509565	0.505907	0.080263
0.386105	0.430954	0.463674	0.471241	0.475773	0.477968	0.391021
0.350817	0.410157	0.443987	0.445832	0.453058	0.457365	0.605435
0.314216	0.302203	0.379456	0.381945	0.385455	0.401125	0.836572
0.552065	0.517257	0.509689	0.511765	0.509435	0.506630	0.021546
0.527118	0.502946	0.500640	0.503303	0.503745	0.502131	0.179984
0.477293	0.474276	0.474019	0.483764	0.487397	0.487481	0.355739
0.433390	0.461884	0.462678	0.474939	0.481477	0.482635	0.574764
0.402707	0.450263	0.443322	0.460212	0.470301	0.472734	0.701658
0.539630	0.513386	0.516394	0.514319	0.511846	0.510351	0.046042
0.472547	0.471256	0.491770	0.495812	0.497872	0.497310	0.161031
0.394347	0.416687	0.455097	0.459448	0.467624	0.470416	0.394708
0.359635	0.315179	0.381477	0.400250	0.411337	0.421889	0.549160
0.301944	0.312056	0.389867	0.411347	0.412754	0.412144	0.769242
0.552271	0.513010	0.506539	0.508983	0.508481	0.506114	0.080630
0.533928	0.496032	0.497985	0.497503	0.497542	0.495929	0.184374
0.514450	0.470556	0.482936	0.483707	0.485661	0.486712	0.332786
0.495715	0.458409	0.467706	0.471426	0.473064	0.475132	0.410194
0.554102	0.556345	0.528495	0.518930	0.514941	0.509538	0.018848
0.497450	0.525224	0.499418	0.501502	0.501051	0.497166	0.063487
0.441426	0.485696	0.467152	0.478454	0.484418	0.485881	0.211740
0.393214	0.457943	0.443943	0.457537	0.468627	0.472455	0.293439
0.366896	0.424179	0.419619	0.442218	0.456560	0.460802	0.434127
0.572572	0.567534	0.536384	0.526566	0.520741	0.512694	0.021858
0.530475	0.539907	0.510335	0.507787	0.505933	0.501369	0.059661
0.369323	0.461293	0.461877	0.469153	0.474784	0.476876	0.260905
0.285668	0.412921	0.431886	0.448050	0.455781	0.459841	0.555248
0.464832	0.515107	0.500220	0.495369	0.492480	0.489177	0.710816
0.591406	0.577603	0.550052	0.539148	0.532883	0.523180	0.004027
0.540264	0.550181	0.530021	0.520691	0.515733	0.510438	0.077840
0.382511	0.467826	0.473076	0.476273	0.477586	0.479377	0.187381
0.325256	0.429599	0.456652	0.467082	0.470079	0.472292	0.555400
0.306413	0.398578	0.442179	0.449282	0.456663	0.461180	0.756591
0.605182	0.580562	0.542384	0.532209	0.527380	0.522400	0.047634
0.559244	0.560653	0.530942	0.521398	0.518603	0.514278	0.224576
0.517718	0.532379	0.503952	0.501297	0.501971	0.500304	0.411411
0.454920	0.497751	0.474147	0.480195	0.485119	0.487187	0.536042
0.425050	0.473137	0.458410	0.470146	0.478221	0.478646	0.679135
0.540259	0.547567	0.532542	0.528093	0.521892	0.515659	0.019751
0.418089	0.486424	0.490171	0.494624	0.495665	0.492035	0.139744
0.331003	0.436182	0.471136	0.474009	0.475186	0.476235	0.300325
0.338292	0.433074	0.480167	0.479059	0.480521	0.482164	0.459809
0.320142	0.378409	0.448822	0.448887	0.450657	0.453586	0.696410
0.595537	0.577719	0.546430	0.533620	0.527129	0.519545	0.040660
0.598342	0.577078	0.542608	0.529662	0.524269	0.516556	0.220943
0.580843	0.571033	0.555306	0.537205	0.526856	0.522176	0.319527
0.568560	0.566735	0.556993	0.538013	0.527451	0.520583	0.378758
0.432401	0.480397	0.488532	0.490308	0.491031	0.486552	0.039306
0.395778	0.472041	0.484238	0.485511	0.489054	0.489500	0.205564
0.380479	0.475900	0.474811	0.481352	0.486725	0.485627	0.302095
0.371041	0.467183	0.455741	0.469593	0.477839	0.479537	0.409396
0.361712	0.436327	0.429097	0.450109	0.463037	0.467819	0.515154
0.423626	0.474441	0.484595	0.473148	0.456644	0.447194	0.031170
0.328783	0.425991	0.440208	0.423117	0.419023	0.422462	0.436003
0.407905	0.493720	0.505387	0.481552	0.463170	0.446193	0.693030
0.526531	0.567371	0.564619	0.523328	0.501229	0.479602	0.884946
0.526531	0.567371	0.564619	0.523328	0.501229	0.479602	0.917643
0.426390	0.487318	0.511404	0.495385	0.474419	0.453748	0.023928
0.329996	0.396587	0.443159	0.432249	0.421572	0.413284	0.300653
0.282841	0.268088	0.353032	0.308607	0.325883	0.330633	0.655226
0.274931	0.271738	0.361368	0.321101	0.333678	0.336600	0.850891
0.277131	0.292731	0.346387	0.348859	0.360036	0.356876	1.000000
0.437029	0.476366	0.480996	0.478169	0.482938	0.474471	0.119233
0.408118	0.464973	0.466490	0.472812	0.479318	0.481834	0.339214
0.403787	0.460563	0.469753	0.477719	0.484553	0.484536	0.531446
0.399355	0.456867	0.465519	0.478990	0.484199	0.483265	0.617306
0.403442	0.459308	0.459057	0.474236	0.480918	0.480521	0.721442
0.343023	0.416758	0.459651	0.460173	0.456814	0.441882	0.073076
0.311240	0.288039	0.378848	0.400752	0.405678	0.398692	0.308526
0.280767	0.325912	0.392817	0.367736	0.376012	0.374184	0.725918
0.337930	0.373904	0.417845	0.405687	0.416029	0.410244	0.962783
0.346685	0.378737	0.358986	0.347561	0.367521	0.360516	0.999409
0.514767	0.513967	0.521512	0.513794	0.504584	0.490309	0.052038
0.533114	0.523554	0.531274	0.522292	0.506914	0.489706	0.130973
0.544381	0.526853	0.531625	0.522863	0.501885	0.476856	0.272601
0.549226	0.529101	0.533756	0.527565	0.507292	0.480457	0.413102
0.542533	0.544738	0.515185	0.502252	0.502451	0.499975	0.042131
0.505479	0.524517	0.503811	0.497565	0.499424	0.498730	0.179278
0.478007	0.515185	0.487209	0.485921	0.490073	0.489708	0.325552
0.462378	0.496998	0.471547	0.483624	0.487708	0.489511	0.457659
0.448879	0.471717	0.456748	0.469246	0.476721	0.478034	0.548982
0.559028	0.558980	0.526956	0.510477	0.511092	0.507977	0.043167
0.554738	0.554627	0.525321	0.508434	0.508566	0.505429	0.117386
0.494865	0.527525	0.499065	0.486748	0.481424	0.477507	0.341719
0.459285	0.494595	0.486153	0.469648	0.466705	0.463785	0.721518
0.569391	0.571236	0.541228	0.509898	0.488950	0.472743	0.826071
0.575352	0.571972	0.537064	0.518811	0.512816	0.508225	0.058402
0.573698	0.570602	0.539302	0.529914	0.515192	0.497692	0.178501
0.490776	0.524815	0.503410	0.498406	0.488777	0.476177	0.391255
0.372062	0.451603	0.461873	0.466069	0.454615	0.447177	0.606085
0.257272	0.281759	0.371576	0.381188	0.384987	0.386847	0.888810
0.559041	0.557412	0.526661	0.511591	0.509782	0.506108	0.224163
0.545909	0.544030	0.513607	0.506447	0.506345	0.503540	0.369215
0.525276	0.536460	0.512976	0.509085	0.508982	0.502279	0.539079
0.495046	0.514987	0.491211	0.495894	0.497639	0.496401	0.606823
0.497611	0.507277	0.483484	0.490127	0.493907	0.491866	0.734220
0.554424	0.558845	0.534151	0.513664	0.510746	0.507343	0.086547
0.509125	0.537166	0.524795	0.512032	0.506532	0.502582	0.190692
0.360809	0.454036	0.478337	0.488637	0.483962	0.480453	0.306891
0.296981	0.318885	0.408219	0.430734	0.433365	0.428236	0.547604
0.287589	0.338393	0.339464	0.391510	0.407057	0.402881	0.845918
0.581484	0.567037	0.537649	0.518835	0.518155	0.513241	0.093578
0.590173	0.573325	0.548398	0.524207	0.518209	0.514029	0.260493
0.577829	0.567916	0.557355	0.541163	0.524607	0.514885	0.401872
0.552235	0.561120	0.556757	0.541376	0.522527	0.507588	0.465398
0.509641	0.526251	0.503673	0.497420	0.497486	0.493668	0.035196
0.479320	0.511414	0.486016	0.487663	0.490720	0.490219	0.165720
0.467314	0.502651	0.480409	0.484792	0.488620	0.489644	0.321872
0.451425	0.486751	0.463769	0.478044	0.485366	0.486983	0.419232
0.422542	0.457641	0.442470	0.458857	0.469019	0.473189	0.577175
0.509089	0.517273	0.500592	0.491462	0.488799	0.486080	0.046621
0.458865	0.506673	0.478874	0.473320	0.466125	0.464392	0.369293
0.444229	0.504192	0.488850	0.480407	0.466939	0.461143	0.713532
0.453388	0.497962	0.485467	0.472437	0.462163	0.459160	0.775962
0.547231	0.570945	0.548905	0.517549	0.499409	0.487838	0.891153
0.549317	0.558388	0.525414	0.523759	0.513216	0.499520	0.032796
0.450116	0.494634	0.488617	0.492703	0.483605	0.476306	0.313328
0.384562	0.431804	0.467040	0.471470	0.463645	0.459584	0.572300
0.339125	0.331921	0.408630	0.417764	0.415141	0.410073	0.837374
0.309672	0.305254	0.395392	0.418729	0.421579	0.408070	0.967152
0.503039	0.519671	0.502036	0.492910	0.494921	0.491389	0.072390
0.451586	0.493747	0.488165	0.489783	0.494913	0.491703	0.365700
0.438312	0.480298	0.479827	0.484804	0.489247	0.490496	0.586326
0.426704	0.479744	0.466342	0.477366	0.482578	0.483997	0.696730
0.406081	0.453756	0.442331	0.460201	0.469039	0.473177	0.816409
0.437252	0.475781	0.471293	0.475802	0.477427	0.479596	0.075406
0.370619	0.431978	0.464321	0.473807	0.474619	0.471113	0.292512
0.346743	0.389627	0.455798	0.470659	0.463037	0.459522	0.558793
0.334625	0.328397	0.413753	0.434568	0.439783	0.432320	0.817972
0.346401	0.372809	0.333776	0.380158	0.395595	0.399535	0.962827
0.517848	0.523753	0.501133	0.490895	0.491874	0.484997	0.090613
0.509640	0.512796	0.500909	0.497703	0.496701	0.489745	0.314752
0.487790	0.502210	0.526408	0.522522	0.505683	0.490339	0.625270
0.686380	0.606631	0.551012	0.540249	0.534907	0.527579	0.028644
0.629822	0.574056	0.524084	0.521546	0.518355	0.516756	0.090283
0.577570	0.545216	0.507546	0.509927	0.508971	0.505603	0.219874
0.524907	0.513420	0.479794	0.486798	0.488845	0.489809	0.341872
0.468046	0.473080	0.449942	0.465390	0.472609	0.475349	0.450259
0.681605	0.605452	0.547422	0.535857	0.530085	0.522568	0.026266
0.667388	0.598676	0.544413	0.535912	0.529334	0.524708	0.057287
0.585504	0.560783	0.518052	0.510269	0.508128	0.504408	0.168480
0.483651	0.508819	0.484561	0.476001	0.480232	0.480648	0.578454
0.505681	0.516942	0.492943	0.480076	0.482853	0.480107	0.726540
0.710312	0.619845	0.560852	0.547254	0.539749	0.528703	0.035962
0.693477	0.612669	0.553940	0.538858	0.533081	0.522441	0.164425
0.621662	0.575632	0.532043	0.519146	0.516187	0.511558	0.349715
0.524610	0.532726	0.503524	0.488020	0.487330	0.484576	0.533182
0.403700	0.460923	0.460771	0.458778	0.457689	0.460145	0.763933
0.693400	0.612260	0.554702	0.543637	0.536025	0.527566	0.067151
0.652527	0.584502	0.533755	0.527075	0.523331	0.517635	0.293905
0.581681	0.547034	0.504127	0.505219	0.506031	0.503688	0.432026
0.510149	0.510294	0.485771	0.491009	0.494829	0.494366	0.586492
0.453376	0.468504	0.452724	0.465267	0.473716	0.475360	0.700958
0.664957	0.597366	0.544507	0.532478	0.526402	0.521531	0.036354
0.607335	0.571158	0.524490	0.516227	0.514568	0.509625	0.115158
0.449789	0.490968	0.471197	0.475080	0.482658	0.483879	0.229825
0.282218	0.388500	0.412745	0.427481	0.442121	0.451708	0.406963
0.323046	0.370778	0.412194	0.426324	0.437773	0.443766	0.605860
0.708522	0.628486	0.564819	0.550681	0.542640	0.535304	0.056003
0.704663	0.630083	0.560608	0.540874	0.534983	0.527592	0.214995
0.647829	0.607335	0.563474	0.539005	0.532164	0.527287	0.433002
0.620171	0.591107	0.553994	0.524561	0.515434	0.508521	0.497138
0.441711	0.454499	0.462306	0.457212	0.465665	0.468834	0.019981
0.403479	0.442707	0.449496	0.456957	0.467992	0.470058	0.119220
0.393770	0.447096	0.449376	0.462996	0.471500	0.474557	0.198715
0.387177	0.445799	0.441250	0.459185	0.468703	0.472479	0.329355
0.380692	0.434718	0.427190	0.448611	0.460594	0.465192	0.435649
0.459031	0.470916	0.475458	0.469377	0.475700	0.479333	0.015467
0.381596	0.440368	0.448091	0.449153	0.449091	0.454336	0.128719
0.321347	0.424538	0.441230	0.438845	0.439328	0.445740	0.488430
0.462860	0.511129	0.502666	0.490567	0.479555	0.475376	0.689535
0.557566	0.569002	0.544484	0.522045	0.505889	0.493794	0.775016
0.495908	0.504544	0.499569	0.508576	0.502350	0.495002	0.001972
0.428470	0.471831	0.476616	0.489440	0.491546	0.484138	0.162116
0.324605	0.398242	0.440462	0.457093	0.457540	0.451851	0.531665
0.305668	0.354156	0.417880	0.424743	0.429044	0.426719	0.802320
0.307720	0.307704	0.356795	0.389680	0.396419	0.390757	0.984200
0.449521	0.468742	0.470262	0.470196	0.477873	0.479952	0.038818
0.430383	0.461038	0.458678	0.465498	0.473981	0.474486	0.172603
0.390524	0.442047	0.451585	0.464811	0.472001	0.476185	0.344786
0.392471	0.447834	0.450993	0.465880	0.473010	0.473510	0.538384
0.411998	0.461858	0.452848	0.467804	0.476351	0.478637	0.653117
0.365014	0.424158	0.441136	0.452562	0.459794	0.462487	0.060455
0.335555	0.396371	0.438336	0.461674	0.468882	0.466818	0.234857
0.328327	0.341292	0.420109	0.449463	0.463898	0.460063	0.518088
0.322463	0.321251	0.407494	0.426102	0.430464	0.421187	0.747465
0.355629	0.377493	0.349683	0.350972	0.386948	0.401160	0.932888
0.445967	0.469433	0.471130	0.463638	0.470630	0.473608	0.079246
0.425204	0.456068	0.465596	0.460059	0.465350	0.467019	0.198892
0.406923	0.440113	0.462747	0.470345	0.470632	0.462175	0.406588
0.421639	0.442430	0.477648	0.491459	0.484818	0.469548	0.554236
0.632008	0.594803	0.540905	0.527793	0.521425	0.508928	0.017592
0.575707	0.566119	0.514336	0.506085	0.506947	0.500818	0.098451
0.537114	0.543379	0.499209	0.499191	0.500226	0.501536	0.213596
0.507842	0.514804	0.483358	0.486465	0.492475	0.492005	0.346756
0.474672	0.484644	0.461275	0.472610	0.479301	0.482495	0.472459
0.683839	0.627892	0.564331	0.549049	0.535198	0.518645	0.037552
0.635292	0.597199	0.546100	0.531897	0.520906	0.510491	0.107661
0.499926	0.520544	0.495438	0.487138	0.488473	0.480475	0.229410
0.472023	0.509299	0.488447	0.491020	0.492790	0.484058	0.589821
0.564663	0.559434	0.540046	0.523558	0.509987	0.500619	0.730394
0.683633	0.627576	0.568020	0.543688	0.533543	0.519235	0.045103
0.646052	0.605930	0.556149	0.535571	0.523580	0.510831	0.114308
0.526352	0.530758	0.501785	0.493037	0.492833	0.485480	0.317298
0.387297	0.452986	0.456748	0.463543	0.468512	0.467892	0.547713
0.323565	0.420113	0.456606	0.459157	0.456515	0.454557	0.771946
0.672658	0.617962	0.555213	0.536908	0.529354	0.517634	0.064548
0.624505	0.588687	0.532477	0.517971	0.513994	0.512032	0.202910
0.558016	0.552093	0.506203	0.507602	0.505804	0.504216	0.371083
0.511210	0.526205	0.495363	0.498072	0.500224	0.495906	0.600194
0.483163	0.507131	0.477749	0.484616	0.489407	0.488557	0.683021
0.627734	0.597493	0.554069	0.537118	0.526713	0.512659	0.056444
0.520913	0.541056	0.518956	0.515760	0.509041	0.497691	0.206285
0.346156	0.437843	0.459195	0.462265	0.466065	0.459249	0.348899
0.327711	0.392072	0.455786	0.459972	0.462553	0.460175	0.521398
0.318272	0.320834	0.416098	0.421245	0.420531	0.421088	0.718836
0.681089	0.628804	0.574370	0.553496	0.540594	0.522433	0.055548
0.676680	0.628143	0.577222	0.554541	0.539687	0.522182	0.202823
0.641380	0.613667	0.584912	0.563912	0.544361	0.526736	0.331716
0.617380	0.602099	0.580520	0.562208	0.541962	0.521573	0.385333
0.585035	0.554207	0.531210	0.524433	0.518645	0.513934	0.051841
0.542362	0.534059	0.508571	0.507122	0.505883	0.502388	0.197147
0.506087	0.517087	0.491617	0.496794	0.499702	0.497996	0.288616
0.474476	0.495485	0.472449	0.483310	0.487705	0.485720	0.409103
0.436884	0.457390	0.442800	0.460166	0.469077	0.473961	0.489830
0.610847	0.569761	0.536829	0.526509	0.523713	0.516632	0.031199
0.541779	0.533774	0.511515	0.509333	0.506183	0.504891	0.118715
0.436353	0.475749	0.463084	0.471863	0.478072	0.478370	0.348318
0.397004	0.458841	0.466288	0.465122	0.467335	0.470161	0.621443
0.590060	0.594138	0.561218	0.524365	0.507200	0.499113	0.782590
0.629099	0.581282	0.545623	0.537041	0.528027	0.520725	0.042023
0.535759	0.540303	0.519033	0.516896	0.508214	0.503656	0.121537
0.406149	0.463432	0.472178	0.477006	0.475459	0.474511	0.403444
0.340763	0.391759	0.428946	0.436448	0.434349	0.440777	0.641080
0.277969	0.273025	0.375414	0.379311	0.381958	0.383317	0.896614
0.589287	0.556065	0.522787	0.518756	0.517335	0.512633	0.098706
0.549334	0.539024	0.515347	0.514172	0.511173	0.506427	0.262388
0.501791	0.514529	0.493615	0.497883	0.500080	0.498603	0.490339
0.452880	0.488013	0.468008	0.479594	0.485198	0.484162	0.638011
0.433227	0.468784	0.453815	0.466660	0.475201	0.478562	0.741920
0.528797	0.527156	0.514363	0.512634	0.510807	0.507578	0.086440
0.404887	0.454163	0.470318	0.478273	0.481881	0.483090	0.198053
0.315191	0.390135	0.442391	0.457137	0.464364	0.468509	0.419918
0.331308	0.294635	0.387427	0.407093	0.410973	0.418956	0.616310
0.299198	0.333813	0.395302	0.433787	0.447367	0.436324	0.833920
0.618520	0.571776	0.535426	0.529750	0.523658	0.517456	0.068355
0.592426	0.562081	0.535906	0.531417	0.524630	0.518012	0.172780
0.547084	0.536761	0.535646	0.528184	0.520119	0.513980	0.409342
0.527012	0.522770	0.523517	0.512024	0.505031	0.499105	0.468556
