0.688393	0.617374	0.552455	0.548225	0.545733	0.538630	12.692083
0.572286	0.550034	0.508313	0.516994	0.521832	0.519626	30.570702
0.407341	0.461921	0.458500	0.479400	0.491624	0.492793	67.090454
0.645462	0.597284	0.536912	0.538190	0.538047	0.531987	15.242824
0.478144	0.491458	0.479600	0.494629	0.503444	0.506603	40.049850
0.334666	0.380591	0.420549	0.445090	0.465355	0.472176	82.732895
0.485238	0.502400	0.473691	0.491235	0.501130	0.503551	63.690731
0.459085	0.486149	0.465893	0.484329	0.495682	0.497359	53.279682
0.482064	0.496270	0.462421	0.481834	0.494231	0.496694	43.039555
0.587078	0.571519	0.526228	0.529884	0.531884	0.528816	84.886101
0.548424	0.546898	0.511554	0.517654	0.521217	0.518820	83.033592
0.562803	0.548881	0.497551	0.507575	0.513780	0.512583	28.550255
0.621535	0.576839	0.517546	0.523590	0.527102	0.523870	17.780630
0.410100	0.407671	0.402190	0.435754	0.457203	0.466589	74.635689
0.504937	0.484633	0.455597	0.477688	0.490717	0.494881	45.829079
0.459424	0.424970	0.411926	0.445061	0.464395	0.473094	105.101662
0.590887	0.568012	0.516439	0.522650	0.526938	0.522926	23.508406
0.411015	0.410197	0.404119	0.437582	0.458878	0.465898	65.706985
0.378778	0.426238	0.452413	0.475475	0.488006	0.490223	43.117523
0.340212	0.330153	0.386252	0.425439	0.446252	0.455281	59.727974
0.557134	0.550899	0.511011	0.517064	0.521712	0.520105	20.198885
0.417671	0.472048	0.472052	0.488966	0.498194	0.500022	29.841331
0.406809	0.465708	0.468431	0.487525	0.497652	0.499291	29.318470
0.257387	0.285730	0.321276	0.381213	0.407481	0.402061	99.586510
0.446818	0.466853	0.450877	0.472012	0.486344	0.490863	52.327717
0.667287	0.608570	0.541158	0.542742	0.542583	0.536276	33.162148
0.683126	0.615035	0.546856	0.544810	0.544000	0.537406	10.492456
0.411116	0.448934	0.452175	0.473817	0.488504	0.492067	48.840839
0.426287	0.487724	0.482910	0.491176	0.496874	0.495814	75.200851
0.505327	0.506057	0.483906	0.494374	0.498607	0.497126	43.696255
0.396474	0.466819	0.468197	0.480721	0.488826	0.488242	79.847481
0.582192	0.550619	0.514743	0.515988	0.516693	0.512332	22.538784
0.442715	0.484937	0.469936	0.482709	0.490963	0.492607	49.973083
0.636872	0.580037	0.529083	0.527676	0.523703	0.518705	12.116677
0.474393	0.497281	0.480068	0.491491	0.495986	0.496176	72.057503
0.428360	0.468538	0.460330	0.477802	0.486068	0.486970	45.829014
0.474393	0.497281	0.480068	0.491491	0.495986	0.496176	67.837715
0.595833	0.543808	0.503431	0.508953	0.511036	0.507566	18.143108
0.574108	0.565076	0.527773	0.522760	0.521232	0.516833	93.036530
0.550818	0.549223	0.524625	0.522368	0.522333	0.516510	88.220932
0.502070	0.503254	0.475113	0.487272	0.493782	0.493677	32.713131
0.431849	0.422522	0.414114	0.441534	0.456610	0.463105	71.212181
0.561123	0.520882	0.482379	0.492059	0.498960	0.497850	34.502918
0.512627	0.485905	0.459742	0.476515	0.484848	0.485159	50.194324
0.417266	0.410807	0.404768	0.433310	0.450076	0.458969	76.090820
0.451559	0.427610	0.417824	0.442130	0.456337	0.462523	106.173355
0.361943	0.445320	0.451569	0.470086	0.480180	0.481435	28.180912
0.343905	0.385866	0.428744	0.451527	0.465738	0.469841	60.859089
0.327576	0.422165	0.442720	0.463594	0.475638	0.478648	37.069668
0.329634	0.410433	0.438329	0.459621	0.472720	0.474670	42.393658
0.509341	0.516183	0.492734	0.500238	0.504130	0.500969	17.750595
0.304385	0.354965	0.414195	0.439225	0.450167	0.457448	84.844055
0.466944	0.517609	0.494991	0.504571	0.506995	0.503042	102.670471
0.416177	0.457686	0.447703	0.465137	0.475939	0.480920	49.219868
0.614482	0.571807	0.527159	0.525643	0.523408	0.518306	11.099090
0.622410	0.569617	0.522845	0.522027	0.521766	0.518220	16.083410
0.540747	0.535599	0.497443	0.507471	0.513429	0.511712	46.684097
0.472830	0.497703	0.482816	0.496794	0.504528	0.503319	63.644936
0.535831	0.531829	0.500737	0.508676	0.511932	0.509060	52.785637
0.441894	0.485040	0.469049	0.488209	0.496495	0.495674	71.450729
0.731668	0.643986	0.568126	0.562029	0.557527	0.550996	5.003953
0.659828	0.599017	0.535977	0.536719	0.536751	0.531043	31.277514
0.547355	0.544651	0.504072	0.512106	0.517773	0.517120	41.479053
0.547355	0.544651	0.504072	0.512106	0.517773	0.517120	46.146809
0.547355	0.544651	0.504072	0.512106	0.517773	0.517120	42.043201
0.675876	0.612092	0.544776	0.542871	0.541861	0.535670	13.703159
0.616415	0.577354	0.541706	0.541570	0.542669	0.535442	88.142349
0.614590	0.583559	0.523790	0.527955	0.530357	0.525758	28.821989
0.628147	0.592251	0.557250	0.552775	0.548815	0.540762	89.642235
0.454984	0.428711	0.417924	0.448526	0.466673	0.475000	105.364166
0.552732	0.547122	0.498268	0.507489	0.514133	0.515900	37.341496
0.400444	0.402688	0.403668	0.438525	0.459572	0.468483	78.470856
0.614285	0.581805	0.528585	0.531171	0.532632	0.528779	22.884871
0.398161	0.399110	0.397689	0.431388	0.452703	0.462722	70.503281
0.408697	0.451745	0.447745	0.469926	0.485316	0.487499	28.459238
0.563851	0.561370	0.515049	0.519903	0.524870	0.522955	21.680338
0.383757	0.428935	0.428513	0.457316	0.474854	0.482395	33.289589
0.345506	0.379684	0.417649	0.443313	0.457121	0.462375	60.106972
0.357646	0.398421	0.421068	0.450302	0.468101	0.474057	48.955643
0.369944	0.413335	0.423777	0.451178	0.468331	0.475149	59.220409
0.309268	0.380841	0.415414	0.440984	0.457906	0.466385	73.461845
0.410982	0.434097	0.439792	0.463876	0.480195	0.484904	69.505882
0.260608	0.283775	0.381954	0.411521	0.414488	0.420195	89.796112
0.717868	0.635775	0.558551	0.552159	0.549976	0.542831	8.049363
0.660715	0.643543	0.615997	0.603491	0.585285	0.566942	13.501078
0.633305	0.628006	0.600916	0.594069	0.577819	0.563027	24.826624
0.536162	0.558720	0.556736	0.559287	0.549903	0.532801	42.369320
0.454435	0.495339	0.510369	0.521599	0.522107	0.504779	58.559097
0.395735	0.454884	0.480849	0.498809	0.499663	0.487190	64.205635
0.645208	0.624974	0.599089	0.590037	0.573230	0.559665	12.564946
0.533742	0.547149	0.543463	0.535663	0.533318	0.526484	30.002609
0.548059	0.558279	0.541851	0.541721	0.535925	0.526782	33.966358
0.597236	0.599152	0.584511	0.573371	0.559865	0.535970	91.830727
0.597236	0.599152	0.584511	0.573371	0.559865	0.535970	91.343498
0.460108	0.501273	0.509740	0.506786	0.508032	0.501112	70.024635
0.592905	0.589720	0.568898	0.566257	0.561537	0.551159	18.611095
0.451885	0.425232	0.412885	0.446515	0.465487	0.471197	97.269470
0.491724	0.533825	0.494742	0.506885	0.514125	0.514019	51.670246
0.530182	0.552040	0.521242	0.524607	0.526671	0.524005	38.085102
0.442727	0.450836	0.437187	0.462815	0.479891	0.485266	63.451832
0.435391	0.496938	0.525056	0.534762	0.529908	0.520650	42.127766
0.592853	0.601287	0.595505	0.585347	0.571175	0.555692	22.963593
0.331499	0.340165	0.394657	0.431379	0.458381	0.440650	75.364975
0.366004	0.359742	0.435833	0.472493	0.489924	0.476709	65.582756
0.405943	0.435661	0.483627	0.507555	0.511512	0.499069	57.781212
0.287054	0.311476	0.391977	0.422383	0.443400	0.431994	90.827148
0.344047	0.321458	0.386106	0.426930	0.441940	0.441275	75.449722
0.400873	0.434146	0.464165	0.486779	0.493715	0.491531	59.172592
0.656529	0.614298	0.592374	0.582960	0.569473	0.556330	31.059872
0.683764	0.622111	0.590535	0.582733	0.570901	0.559719	45.105968
0.612982	0.574632	0.533773	0.532274	0.523587	0.513984	29.392250
0.347840	0.423478	0.434879	0.460983	0.466303	0.468122	79.167435
0.536090	0.520643	0.499071	0.505234	0.500347	0.493957	43.661388
0.404211	0.440564	0.445196	0.466021	0.472460	0.471589	52.154629
0.725703	0.632716	0.569466	0.559769	0.544594	0.533973	11.469739
0.328002	0.401714	0.429894	0.455970	0.458974	0.457747	85.995804
0.728009	0.630833	0.567919	0.556260	0.541038	0.529508	4.326856
0.411610	0.435872	0.441086	0.449474	0.457751	0.461145	67.778114
0.411610	0.435872	0.441086	0.449474	0.457751	0.461145	67.402779
0.564633	0.557991	0.519412	0.500648	0.495268	0.489821	90.007851
0.603169	0.554168	0.516505	0.513391	0.508398	0.501255	20.934069
0.641427	0.586394	0.547151	0.542061	0.537970	0.530077	14.775416
0.447893	0.435150	0.425900	0.449276	0.462451	0.466975	104.408012
0.412613	0.441583	0.434206	0.455090	0.468616	0.472612	63.459320
0.554365	0.547175	0.515604	0.518275	0.518797	0.514660	39.713467
0.399193	0.423458	0.423216	0.446788	0.462168	0.467238	67.639679
0.327861	0.385552	0.426109	0.448054	0.455286	0.454817	54.795849
0.394210	0.449644	0.457050	0.468550	0.471271	0.469158	32.455334
0.311775	0.335210	0.395679	0.423739	0.429073	0.433342	68.540581
0.332296	0.404768	0.438457	0.451652	0.458210	0.458735	43.224949
0.666643	0.598782	0.553228	0.545160	0.535572	0.525975	17.156424
0.328047	0.386120	0.421236	0.446354	0.455487	0.459286	60.849735
0.460747	0.480637	0.473854	0.485168	0.488683	0.485621	37.963932
0.326673	0.364153	0.396167	0.427071	0.436381	0.441567	67.648010
0.726619	0.636085	0.573449	0.557311	0.543842	0.533348	9.516793
0.728665	0.630397	0.572635	0.559768	0.547048	0.532573	12.867990
0.405156	0.446597	0.437526	0.455952	0.467372	0.471216	73.091743
0.403795	0.449815	0.441159	0.456551	0.465950	0.470647	77.325119
0.598004	0.551291	0.507989	0.511124	0.513098	0.508507	42.538559
0.632869	0.561280	0.523476	0.521953	0.521189	0.515178	25.723921
0.501173	0.504052	0.469900	0.481980	0.490008	0.492491	57.388157
0.554502	0.527056	0.496616	0.500188	0.500759	0.499231	72.814423
0.562256	0.534083	0.510338	0.513196	0.514592	0.512479	33.240482
0.554502	0.527056	0.496616	0.500188	0.500759	0.499231	72.324234
0.634730	0.565153	0.527831	0.527126	0.526003	0.521544	24.492693
0.534818	0.516677	0.489703	0.498122	0.502506	0.499893	52.323929
0.614068	0.576878	0.529448	0.509571	0.503323	0.500117	85.987167
0.451065	0.442324	0.434871	0.453972	0.467038	0.471827	63.027447
0.458303	0.443070	0.435619	0.458376	0.471290	0.475172	109.627083
0.601378	0.548930	0.518688	0.519602	0.521000	0.517722	26.989634
0.569667	0.529835	0.499623	0.506393	0.508538	0.508269	41.035511
0.433447	0.435464	0.428553	0.450950	0.463134	0.467772	70.949989
0.535377	0.526269	0.508368	0.513450	0.515750	0.514146	30.514444
0.355287	0.396775	0.408608	0.432311	0.447018	0.455375	64.735222
0.417095	0.450462	0.450958	0.467113	0.476925	0.480499	43.648689
0.379925	0.413847	0.419568	0.445837	0.461207	0.466626	47.963223
0.471988	0.484950	0.478318	0.488672	0.495422	0.495147	33.842232
0.296327	0.310553	0.284800	0.345492	0.365460	0.363229	101.108253
0.307909	0.346714	0.385491	0.412175	0.425222	0.435974	78.216461
0.386433	0.410906	0.425152	0.448581	0.463194	0.468221	60.848637
0.676391	0.589622	0.546558	0.540739	0.538426	0.531948	8.316406
0.275644	0.275500	0.354380	0.375214	0.381296	0.389408	86.772781
0.402560	0.440337	0.443536	0.458192	0.462980	0.466060	74.397949
0.564384	0.533221	0.504360	0.503709	0.505020	0.499574	53.578732
0.415395	0.457594	0.455045	0.465547	0.467847	0.466520	74.145645
0.676243	0.591066	0.546934	0.537280	0.533998	0.524381	27.913933
0.425548	0.462023	0.461471	0.474331	0.473694	0.473411	71.784256
0.792984	0.663667	0.593160	0.567356	0.557468	0.545279	9.471745
0.606046	0.570721	0.526777	0.516703	0.517554	0.513588	33.283199
0.523079	0.510808	0.485421	0.477007	0.483988	0.483140	87.826744
0.525401	0.527269	0.497487	0.487995	0.493643	0.490539	50.123245
0.734034	0.628820	0.564682	0.552705	0.547086	0.538811	11.715638
0.607958	0.565546	0.524187	0.502208	0.495385	0.489062	97.246773
0.656314	0.592874	0.541398	0.536128	0.534190	0.525072	21.927889
0.584534	0.550291	0.513851	0.515039	0.516538	0.512709	35.321770
0.448013	0.435079	0.427531	0.452478	0.466781	0.470123	111.774696
0.440479	0.443724	0.429613	0.452263	0.466258	0.471857	62.929707
0.414798	0.430248	0.427787	0.452093	0.464646	0.469179	73.545837
0.354396	0.418548	0.431018	0.447775	0.462841	0.467414	37.462719
0.356005	0.418181	0.431627	0.443359	0.456260	0.461101	58.912491
0.349960	0.406986	0.418423	0.433799	0.450014	0.456020	48.863747
0.278789	0.317005	0.394024	0.422089	0.436329	0.427621	90.831444
0.412805	0.460667	0.460907	0.469351	0.479882	0.482804	30.519428
0.241889	0.243474	0.335062	0.375515	0.394530	0.396181	104.704926
0.275222	0.302113	0.390279	0.412866	0.415642	0.407633	101.319221
0.757429	0.641742	0.573904	0.559100	0.552499	0.543984	15.035606
0.752980	0.639246	0.577261	0.558551	0.551523	0.541966	17.103474
0.578040	0.521228	0.500890	0.501199	0.505589	0.505215	38.976727
0.582797	0.569242	0.527154	0.524471	0.519956	0.515162	22.461159
0.364141	0.414477	0.435632	0.452845	0.456685	0.463893	70.949089
0.725449	0.645723	0.578949	0.565936	0.556952	0.547788	12.523344
0.405561	0.450526	0.458100	0.474059	0.479483	0.481197	53.175194
0.319352	0.364118	0.422349	0.434177	0.440731	0.445711	79.878418
0.443315	0.469748	0.470698	0.481103	0.485448	0.487043	40.352299
0.485020	0.511909	0.484688	0.493169	0.498386	0.498078	32.754562
0.428490	0.482600	0.465406	0.479641	0.487233	0.487289	36.604172
0.658532	0.602939	0.549976	0.544205	0.539461	0.531748	10.252516
0.418949	0.477619	0.469383	0.480953	0.488468	0.488923	76.556137
0.558821	0.573154	0.548025	0.525423	0.518626	0.515008	92.525208
0.558821	0.573154	0.548025	0.525423	0.518626	0.515008	90.884346
0.564424	0.550672	0.512064	0.514829	0.515379	0.511646	15.537141
0.444258	0.422584	0.418986	0.446078	0.461096	0.466540	94.034813
0.518080	0.528324	0.495088	0.500497	0.503716	0.502397	27.514599
0.392182	0.412957	0.408360	0.435526	0.451784	0.458519	69.065353
0.399773	0.414672	0.407619	0.435719	0.452976	0.460408	61.463718
0.396519	0.423391	0.462621	0.474581	0.481108	0.481283	53.173080
0.401425	0.440865	0.472565	0.483089	0.488704	0.490660	47.539841
0.623019	0.582090	0.543402	0.538471	0.532654	0.525193	20.421701
0.508679	0.508426	0.501051	0.508832	0.510071	0.507745	26.079483
0.384357	0.363415	0.426017	0.443842	0.452404	0.459976	61.346821
0.336096	0.345455	0.399168	0.425130	0.437605	0.445202	75.698341
0.336318	0.356150	0.408717	0.428293	0.441119	0.450531	72.389236
0.336877	0.352795	0.408659	0.424460	0.437014	0.445337	70.141861
0.547674	0.533793	0.511077	0.512616	0.514349	0.509539	21.236876
0.696030	0.625496	0.565975	0.554210	0.546369	0.536268	13.035300
0.394463	0.424240	0.435235	0.458311	0.469036	0.474564	68.990860
0.373141	0.407053	0.421029	0.446548	0.456394	0.461082	69.229218
0.345442	0.398019	0.416071	0.441925	0.454085	0.459224	82.982735
0.613973	0.557813	0.525613	0.524366	0.523049	0.517205	31.170624
0.507208	0.487077	0.476586	0.489558	0.493182	0.491327	50.186596
0.703949	0.601310	0.553538	0.542241	0.538539	0.529720	12.300226
0.470560	0.478040	0.462739	0.480263	0.486557	0.486212	50.401207
0.461500	0.469503	0.460817	0.473175	0.480348	0.481253	59.873966
0.690696	0.599627	0.549229	0.540686	0.536601	0.529215	9.174184
0.591668	0.545731	0.511951	0.516436	0.516589	0.512080	36.467793
0.584226	0.544332	0.502250	0.499948	0.498018	0.495879	89.234421
0.584226	0.544332	0.502250	0.499948	0.498018	0.495879	91.617477
0.407386	0.419103	0.424333	0.448898	0.464615	0.469007	93.913551
0.498274	0.493223	0.475163	0.488645	0.495583	0.495669	47.727413
0.567064	0.534088	0.504170	0.508738	0.511984	0.509210	33.197029
0.401821	0.416775	0.418875	0.445428	0.459376	0.465229	79.436134
0.415610	0.426474	0.422275	0.449212	0.464238	0.468540	73.835030
0.337829	0.392208	0.407505	0.435536	0.452499	0.457576	39.157562
0.329827	0.350637	0.393069	0.410554	0.426403	0.434742	64.240807
0.545474	0.525025	0.495164	0.498391	0.502146	0.499581	21.907663
0.324942	0.383884	0.402399	0.429565	0.447040	0.455041	45.654072
0.308831	0.356326	0.389747	0.413917	0.431444	0.439101	58.029160
0.291848	0.350537	0.387732	0.421956	0.441366	0.449654	65.824982
0.330955	0.379194	0.400511	0.429313	0.447605	0.453895	54.373333
0.308158	0.339305	0.387887	0.417142	0.430695	0.439936	81.017967
0.354307	0.405836	0.423970	0.440968	0.457539	0.463171	41.922176
0.687446	0.592904	0.542622	0.539991	0.536878	0.529242	22.000587
0.369939	0.431879	0.455062	0.472647	0.477558	0.481170	71.619705
0.380100	0.446835	0.464336	0.475458	0.479513	0.482079	76.235329
0.659817	0.588287	0.543338	0.539031	0.533440	0.523179	15.821826
0.489159	0.492463	0.487525	0.500992	0.504092	0.498761	53.281982
0.593397	0.552073	0.519168	0.523360	0.520964	0.514726	36.783047
0.323827	0.383758	0.434984	0.456591	0.452801	0.453286	91.083130
0.483717	0.501069	0.487400	0.492466	0.498318	0.500085	34.315395
0.663680	0.593484	0.547952	0.541564	0.537255	0.530589	5.514116
0.527601	0.535313	0.514715	0.511460	0.505427	0.500962	89.530045
0.429465	0.479559	0.472680	0.481642	0.488051	0.486582	72.355354
0.614893	0.567179	0.531274	0.528547	0.525204	0.520806	16.644123
0.428144	0.479515	0.470774	0.477724	0.484282	0.485182	73.104805
0.457949	0.434677	0.423689	0.447454	0.461886	0.467606	75.245811
0.451404	0.426873	0.420154	0.444263	0.457872	0.462555	95.343704
0.526042	0.511576	0.478463	0.489967	0.495762	0.495201	45.004330
0.461306	0.441482	0.428926	0.451890	0.463589	0.467496	70.589760
0.625682	0.569996	0.533404	0.529396	0.528001	0.524040	13.772810
0.299412	0.400577	0.427435	0.450412	0.463793	0.468829	41.545773
0.300233	0.385411	0.422296	0.448944	0.462052	0.465496	56.267384
0.321300	0.414934	0.434106	0.454762	0.466399	0.470540	38.073071
0.591419	0.553783	0.526921	0.525063	0.522021	0.517244	20.696424
0.330938	0.295096	0.353187	0.390367	0.408757	0.420662	73.063248
0.306646	0.389700	0.416861	0.442535	0.457124	0.462915	54.765030
0.293301	0.281574	0.362890	0.376479	0.376292	0.379403	95.774094
0.636093	0.574174	0.540097	0.537974	0.534477	0.527152	30.780235
0.626879	0.575777	0.533603	0.533426	0.530894	0.525532	34.074253
0.644153	0.581171	0.539546	0.536188	0.531949	0.527695	16.429121
0.461669	0.495666	0.482373	0.497877	0.505667	0.504615	48.401722
0.449796	0.487804	0.478397	0.495302	0.502690	0.500649	48.088947
0.624333	0.590171	0.542980	0.543886	0.541457	0.536882	20.566984
0.399587	0.468621	0.467720	0.484134	0.494482	0.489841	65.451988
0.378517	0.448853	0.474876	0.480809	0.483145	0.472242	85.228149
0.535427	0.545723	0.508539	0.516491	0.520311	0.518489	29.918571
0.695036	0.629223	0.561841	0.559266	0.556203	0.549767	5.544365
0.464889	0.507422	0.487259	0.497871	0.506744	0.507233	57.088577
0.511988	0.529101	0.496389	0.506094	0.513610	0.511284	28.944996
0.452097	0.499853	0.478735	0.492629	0.502771	0.503079	51.396038
0.617978	0.590550	0.534778	0.538504	0.539357	0.535527	13.720590
0.602463	0.604046	0.577334	0.555441	0.545411	0.527104	100.917091
0.638942	0.600803	0.547780	0.545005	0.545690	0.539688	8.066866
0.602463	0.604046	0.577334	0.555441	0.545411	0.527104	95.518486
0.404196	0.414527	0.408563	0.440609	0.460975	0.468153	66.531647
0.567522	0.561420	0.514284	0.519624	0.524134	0.522457	20.527485
0.500449	0.521537	0.485145	0.497863	0.506389	0.506071	41.316959
0.397274	0.407066	0.405070	0.440226	0.460788	0.469073	71.540375
0.422828	0.433024	0.420660	0.450883	0.467014	0.474993	58.660343
0.349535	0.418779	0.438785	0.463241	0.478646	0.483434	35.511078
0.559047	0.558737	0.523431	0.526609	0.529636	0.527022	24.308645
0.317326	0.373184	0.400992	0.434452	0.455911	0.462945	45.109718
0.336756	0.406554	0.434455	0.460956	0.476425	0.481198	38.009056
0.303452	0.298388	0.348871	0.381248	0.394464	0.395366	73.017914
0.275754	0.319478	0.310251	0.374261	0.394605	0.391585	97.876282
0.671017	0.620396	0.555756	0.553622	0.550692	0.543385	22.841370
0.514527	0.517864	0.490382	0.504188	0.512285	0.512151	36.836807
0.670545	0.619215	0.560471	0.556612	0.553265	0.544582	11.021255
0.672044	0.619245	0.556404	0.554709	0.552949	0.545979	10.886886
0.682324	0.616653	0.563504	0.534871	0.520175	0.505501	20.523073
0.552413	0.548490	0.515198	0.494079	0.484540	0.476738	48.724457
0.555067	0.548022	0.520043	0.499958	0.486121	0.477757	48.616158
0.618617	0.585836	0.547318	0.515472	0.498354	0.489259	33.111797
0.757246	0.654248	0.590429	0.551438	0.537413	0.524577	8.059516
0.404468	0.467408	0.478477	0.460500	0.444356	0.434477	75.761543
0.557135	0.553762	0.523524	0.497994	0.491306	0.484897	38.188770
0.747539	0.648155	0.582524	0.551827	0.541035	0.527198	-2.640015
0.548067	0.546824	0.513670	0.488060	0.481826	0.475945	42.576244
0.604948	0.586879	0.563376	0.526949	0.501859	0.484721	89.842278
0.596125	0.578231	0.552713	0.519313	0.496560	0.482169	90.434212
0.703173	0.628123	0.567284	0.536494	0.522616	0.513473	13.033490
0.507470	0.515005	0.486119	0.492371	0.492489	0.483917	48.059940
0.619117	0.586197	0.537328	0.524120	0.518558	0.507347	20.295948
0.455063	0.430771	0.423227	0.439422	0.447319	0.450603	99.459106
0.422470	0.430005	0.421057	0.436338	0.447583	0.447653	69.260056
0.551713	0.553304	0.516519	0.509465	0.504893	0.497665	35.707954
0.695987	0.619957	0.569484	0.535299	0.523392	0.512540	19.510098
0.353733	0.424658	0.448825	0.442301	0.450550	0.448851	43.371395
0.318517	0.361898	0.315530	0.366133	0.370974	0.378714	93.408653
0.359379	0.417774	0.436931	0.429936	0.436295	0.435256	52.899216
0.411578	0.461305	0.470042	0.460438	0.465413	0.464636	33.024574
0.360712	0.399519	0.422865	0.421634	0.422861	0.426244	55.630836
0.381568	0.395721	0.416514	0.401232	0.394416	0.392135	81.443207
0.494050	0.499817	0.485808	0.477284	0.475913	0.472875	38.386448
0.506145	0.507504	0.490017	0.478029	0.479106	0.474147	46.661366
0.374766	0.411667	0.432039	0.433089	0.435108	0.437059	58.499516
0.469368	0.474560	0.464092	0.477156	0.487018	0.487227	52.089828
0.724450	0.630764	0.561424	0.558750	0.555416	0.549083	10.088204
0.731648	0.635779	0.564112	0.559886	0.557119	0.546718	12.802732
0.368716	0.418213	0.437776	0.459538	0.470619	0.470271	60.613384
0.618391	0.576126	0.531398	0.524928	0.524418	0.519697	27.122913
0.721796	0.630448	0.566905	0.563975	0.560808	0.549689	7.205307
0.697649	0.620022	0.550264	0.548294	0.545718	0.540072	3.214264
0.477039	0.501342	0.481763	0.486833	0.497657	0.498091	48.869213
0.696243	0.617410	0.554796	0.551806	0.550205	0.542688	5.308643
0.662983	0.600872	0.543740	0.538447	0.537933	0.530246	14.731574
0.480523	0.506876	0.498660	0.503406	0.507399	0.501506	78.167824
0.578886	0.577946	0.551902	0.544438	0.538108	0.523110	93.199745
0.538551	0.534306	0.492979	0.503756	0.512101	0.511682	28.910343
0.418822	0.425834	0.414102	0.445858	0.464736	0.472558	60.279655
0.439379	0.445832	0.431927	0.460203	0.476457	0.480050	55.535576
0.588471	0.563217	0.517979	0.522078	0.525694	0.522997	15.998466
0.456660	0.427870	0.418425	0.449244	0.467187	0.474311	102.015450
0.353679	0.381482	0.422770	0.440009	0.453984	0.457700	59.567814
0.347924	0.389351	0.423692	0.441066	0.456533	0.461251	50.300022
0.345215	0.395249	0.420004	0.443665	0.460275	0.465109	42.418404
0.336156	0.309336	0.375478	0.398378	0.411954	0.420639	70.261124
0.547710	0.526206	0.499376	0.512816	0.517561	0.516110	24.912863
0.349330	0.353314	0.390458	0.414984	0.430085	0.439878	64.702469
0.346102	0.384536	0.408606	0.434136	0.451977	0.459974	57.327339
0.460000	0.442294	0.448727	0.466077	0.479052	0.485190	55.594120
0.474975	0.479677	0.467196	0.484775	0.495842	0.499010	30.886194
0.719586	0.630592	0.565360	0.559895	0.555819	0.548324	9.347556
0.722003	0.636563	0.571429	0.559487	0.553125	0.542777	11.714567
0.591807	0.559913	0.525617	0.528873	0.525732	0.518874	30.075211
0.592252	0.557190	0.521388	0.525002	0.523854	0.518283	30.248806
0.321673	0.372834	0.395858	0.389332	0.389364	0.393065	91.372459
0.527251	0.512494	0.489112	0.497843	0.500812	0.498149	44.776382
0.404919	0.439383	0.426974	0.433501	0.434294	0.439637	68.368530
0.500177	0.508381	0.484279	0.493289	0.499124	0.497870	42.614723
0.484746	0.498316	0.476679	0.480922	0.488511	0.488593	48.374699
0.500280	0.492853	0.476140	0.481466	0.488000	0.488771	58.589684
0.657767	0.603181	0.548364	0.543361	0.540545	0.531958	8.623103
0.600927	0.574480	0.537521	0.501404	0.485895	0.479762	92.905121
0.580107	0.560792	0.525621	0.525694	0.524246	0.518180	19.465820
0.543417	0.538461	0.504164	0.510766	0.514561	0.510754	28.617188
0.441993	0.434790	0.434232	0.456930	0.470331	0.473859	100.238785
0.651273	0.597310	0.550356	0.545040	0.540538	0.533965	11.037306
0.388917	0.418509	0.421488	0.448487	0.463909	0.467622	69.027542
0.399834	0.428405	0.427811	0.454018	0.469073	0.472034	61.988533
0.358617	0.406173	0.420898	0.446587	0.459659	0.462400	33.317364
0.350295	0.364671	0.379255	0.399449	0.416413	0.428084	63.381935
0.323161	0.361077	0.397205	0.424109	0.442045	0.449041	48.377800
0.613515	0.577760	0.532084	0.529266	0.527634	0.522293	22.838978
0.348157	0.348214	0.365221	0.388457	0.402743	0.414485	67.583977
0.367529	0.373068	0.397562	0.426156	0.443492	0.449586	60.250015
0.497429	0.491130	0.475012	0.485949	0.492294	0.493008	68.145226
0.434478	0.457818	0.455198	0.472261	0.482838	0.484359	41.420845
0.688382	0.616645	0.561540	0.552893	0.547332	0.535384	15.137590
0.697633	0.623850	0.566703	0.556599	0.550621	0.540682	7.880272
0.439123	0.493659	0.481252	0.500335	0.505737	0.500210	41.284027
0.528219	0.558386	0.524131	0.531434	0.532048	0.523434	21.457096
0.595650	0.589200	0.550504	0.548658	0.544181	0.535877	7.557460
0.362342	0.426118	0.449453	0.473633	0.488791	0.488447	58.753803
0.401202	0.476535	0.474073	0.496667	0.504251	0.497539	48.468204
0.397707	0.471651	0.457735	0.475527	0.486479	0.487609	47.285873
0.536568	0.558443	0.515579	0.522539	0.522645	0.515394	14.621951
0.622326	0.603014	0.552994	0.549789	0.546236	0.537057	3.921213
0.558652	0.562457	0.523830	0.524324	0.525651	0.519966	83.553291
0.499804	0.536517	0.499580	0.504640	0.506309	0.502249	25.222786
0.558652	0.562457	0.523830	0.524324	0.525651	0.519966	88.773666
0.458890	0.516073	0.489114	0.499508	0.508838	0.509210	29.046539
0.395784	0.420790	0.412204	0.442901	0.461975	0.469030	51.406685
0.448675	0.429272	0.416175	0.447932	0.466679	0.472802	94.410088
0.474368	0.520690	0.489804	0.500504	0.508226	0.509968	21.195284
0.395465	0.403353	0.402110	0.437328	0.458572	0.467165	65.206261
0.393332	0.469819	0.489999	0.509462	0.511574	0.504366	43.264561
0.306041	0.338819	0.311838	0.379714	0.418043	0.414609	83.269539
0.365313	0.404123	0.462937	0.485657	0.492135	0.485862	55.798595
0.443636	0.521683	0.513644	0.525362	0.524425	0.518621	21.419439
0.397403	0.478123	0.494292	0.511999	0.513440	0.505808	41.622021
0.346499	0.377252	0.427266	0.456413	0.470020	0.472292	65.495163
0.410364	0.454284	0.457564	0.485300	0.492185	0.490374	48.792583
0.510436	0.534518	0.509691	0.520211	0.521683	0.516374	27.265533
0.626526	0.607815	0.559480	0.558792	0.551343	0.541246	7.027264
0.624898	0.608289	0.561390	0.556325	0.549900	0.538877	9.283473
0.633809	0.601969	0.560982	0.553379	0.549650	0.541771	23.258787
0.571508	0.565405	0.541553	0.538290	0.539695	0.532092	25.854250
0.721850	0.648111	0.586966	0.577426	0.569696	0.559796	5.909675
0.509162	0.510711	0.502239	0.504324	0.505170	0.501975	40.338482
0.367317	0.428275	0.458530	0.469406	0.470015	0.462933	72.249092
0.593890	0.587289	0.543104	0.540633	0.539890	0.532619	14.344775
0.685754	0.626477	0.570128	0.561245	0.556859	0.547254	6.601377
0.580150	0.579501	0.537540	0.535360	0.535687	0.530653	19.871605
0.665804	0.621004	0.568199	0.559746	0.555852	0.547698	6.837113
0.430268	0.499501	0.485970	0.492152	0.500377	0.503576	59.649189
0.582441	0.592179	0.580734	0.551717	0.539600	0.520614	108.772575
0.506632	0.533565	0.505711	0.507938	0.514131	0.512112	34.606445
0.427899	0.449317	0.431460	0.458616	0.475242	0.482802	61.681000
0.461582	0.432231	0.420663	0.449380	0.467647	0.475021	107.650330
0.602160	0.586087	0.544406	0.544858	0.544480	0.538398	12.137834
0.512001	0.542208	0.506480	0.514400	0.520189	0.518373	37.944107
0.400730	0.420276	0.409710	0.442659	0.462787	0.470911	69.449722
0.391351	0.352248	0.394974	0.420540	0.433870	0.443446	53.613270
0.602353	0.571634	0.543504	0.541504	0.538899	0.532556	22.858511
0.475914	0.479196	0.482455	0.494974	0.502590	0.503954	27.438143
0.286139	0.329043	0.311394	0.374246	0.386664	0.380554	84.555641
0.411803	0.412617	0.443004	0.462032	0.474004	0.477089	40.384636
0.453199	0.363035	0.391370	0.413702	0.423760	0.434298	61.918846
0.568915	0.537750	0.513505	0.520793	0.524284	0.518898	51.552414
0.311684	0.413720	0.413609	0.429446	0.436537	0.440497	83.148407
0.568659	0.532244	0.512084	0.519201	0.522749	0.519984	63.123962
0.705608	0.639420	0.578942	0.568627	0.562142	0.551007	5.932763
0.494696	0.543079	0.525972	0.527274	0.528087	0.524911	45.679489
0.466910	0.539602	0.523449	0.524998	0.525887	0.521504	75.781128
0.673189	0.637794	0.582466	0.573341	0.565336	0.555777	11.339054
0.466864	0.536792	0.526868	0.528189	0.528247	0.522756	62.735683
0.557615	0.577161	0.540874	0.539380	0.538901	0.532900	26.665407
0.402147	0.504631	0.501625	0.501637	0.502781	0.501128	73.310074
0.494760	0.529140	0.508338	0.516532	0.520686	0.518334	79.959450
0.502106	0.543027	0.518165	0.522599	0.525173	0.521927	32.009865
0.494760	0.529140	0.508338	0.516532	0.520686	0.518334	78.975685
0.477804	0.527736	0.503284	0.510811	0.516463	0.513468	55.044430
0.619915	0.613642	0.595881	0.575473	0.565977	0.548722	102.700821
0.608273	0.599086	0.554349	0.551825	0.547834	0.540641	15.783100
0.411034	0.421510	0.413667	0.445052	0.464185	0.471067	61.626141
0.399438	0.407312	0.403228	0.436718	0.457379	0.465485	71.760216
0.458284	0.431157	0.418634	0.448909	0.467537	0.473367	106.817589
0.468368	0.507806	0.477237	0.493467	0.503057	0.502401	43.298016
0.524376	0.554905	0.519966	0.524957	0.526699	0.524750	23.365932
0.527908	0.562254	0.535410	0.537051	0.536834	0.530093	19.819567
0.338995	0.452984	0.469296	0.485859	0.495652	0.495210	35.163418
0.320664	0.396356	0.432385	0.456553	0.472431	0.475287	46.510612
0.320088	0.415811	0.446423	0.468447	0.479085	0.483061	43.593002
0.282543	0.323172	0.316400	0.376904	0.401623	0.399773	86.274445
0.320129	0.315565	0.367863	0.403683	0.418136	0.430431	78.399765
0.578329	0.563137	0.522244	0.526984	0.529696	0.526872	62.589211
0.478841	0.520157	0.502176	0.511520	0.517481	0.515654	47.031506
0.344546	0.442967	0.464467	0.479394	0.489516	0.492627	54.393501
0.647115	0.624449	0.571035	0.564179	0.559277	0.548544	13.649609
0.614913	0.610150	0.586491	0.579275	0.573868	0.553539	18.563120
0.545871	0.570190	0.557688	0.558485	0.557349	0.538458	32.255680
0.688156	0.646964	0.603694	0.593284	0.584095	0.564697	10.234731
0.386163	0.464172	0.485846	0.500144	0.503826	0.489377	74.958267
0.400888	0.471311	0.493947	0.510308	0.514968	0.497867	62.580036
0.486238	0.525630	0.526688	0.531160	0.537402	0.523492	46.326149
0.520750	0.536138	0.524684	0.519677	0.522521	0.519804	33.494259
0.657597	0.610642	0.574291	0.564811	0.557919	0.548213	12.004960
0.508694	0.529835	0.516721	0.518265	0.522407	0.517735	37.780617
0.474385	0.518535	0.505974	0.513607	0.518590	0.514941	63.468636
0.569760	0.582964	0.559723	0.539789	0.536413	0.521136	91.590668
0.569760	0.582964	0.559723	0.539789	0.536413	0.521136	87.780823
0.517844	0.518356	0.505506	0.515117	0.519407	0.517098	29.051609
0.469555	0.507308	0.470333	0.488539	0.499722	0.502158	47.448425
0.420431	0.434684	0.422547	0.451580	0.469153	0.474937	61.615810
0.626068	0.586834	0.554506	0.554229	0.550157	0.541704	15.271352
0.453515	0.421762	0.414332	0.445920	0.465255	0.473111	99.661530
0.489406	0.517137	0.529497	0.535246	0.535347	0.527674	23.747801
0.382333	0.371846	0.444164	0.468182	0.486196	0.480723	52.168095
0.420727	0.440901	0.489698	0.505415	0.515166	0.510236	37.036636
0.301163	0.321875	0.400828	0.446072	0.476065	0.460351	79.759026
0.343247	0.334404	0.421985	0.455719	0.473083	0.462030	69.295593
0.423547	0.424417	0.465857	0.488316	0.499183	0.495836	47.907799
0.339279	0.333398	0.411977	0.439721	0.460997	0.458302	58.419392
0.700780	0.641859	0.597735	0.587037	0.577482	0.564161	7.234500
0.540328	0.540391	0.530225	0.536475	0.538226	0.531224	20.695028
0.686173	0.634934	0.595210	0.586099	0.577099	0.562961	3.391634
0.438095	0.478950	0.491159	0.507650	0.504272	0.500098	62.475971
0.735769	0.659494	0.621306	0.610978	0.589202	0.570904	5.651470
0.687140	0.634683	0.601453	0.594633	0.580946	0.564822	12.564926
0.626610	0.601988	0.582063	0.579904	0.569100	0.556060	19.914751
0.532691	0.543762	0.529036	0.532113	0.529728	0.520091	41.031769
0.381683	0.447976	0.465697	0.486800	0.481883	0.481378	70.839867
0.722282	0.651761	0.615667	0.607067	0.587018	0.567404	4.495169
0.545047	0.555418	0.542936	0.547010	0.536317	0.519191	35.415634
0.670846	0.620449	0.583381	0.583829	0.569132	0.551691	12.654106
0.449941	0.495419	0.501505	0.512145	0.515288	0.500422	58.335171
0.553776	0.564592	0.548475	0.547957	0.545730	0.532405	88.920486
0.508012	0.547091	0.518507	0.521495	0.526512	0.524007	33.448246
0.590058	0.578565	0.558189	0.552840	0.549601	0.539561	15.388647
0.439932	0.417923	0.410744	0.442624	0.462959	0.471607	93.868591
0.391406	0.422496	0.411415	0.443284	0.462989	0.470604	64.697021
0.417203	0.465371	0.440338	0.465047	0.480373	0.484990	52.698631
0.273102	0.278711	0.377275	0.403281	0.413165	0.412930	72.829422
0.361253	0.432315	0.474304	0.501205	0.501358	0.497235	50.782890
0.579978	0.578506	0.570980	0.573354	0.560446	0.549818	18.638783
0.362257	0.455711	0.486618	0.509122	0.505825	0.499925	37.337749
0.307153	0.316144	0.391019	0.421909	0.429573	0.434285	64.559456
0.431389	0.484208	0.498403	0.514748	0.515519	0.514891	49.804951
0.364663	0.443790	0.465877	0.486956	0.495507	0.497056	76.035568
0.196038	0.296280	0.350307	0.380965	0.411854	0.425208	95.957787
0.691740	0.633289	0.603871	0.596061	0.577593	0.564129	9.426468
0.728560	0.655074	0.614800	0.605740	0.584388	0.571795	14.523195
0.586487	0.559604	0.520928	0.525996	0.529542	0.525988	24.090256
0.342784	0.411422	0.428943	0.453806	0.471031	0.477253	76.286743
0.514079	0.513309	0.487967	0.501175	0.509109	0.509132	44.745110
0.703064	0.622843	0.556105	0.550984	0.549716	0.542666	10.712713
0.326192	0.397916	0.433891	0.457650	0.470146	0.471128	84.913788
0.405206	0.456591	0.456198	0.474512	0.486277	0.489755	56.161240
0.424051	0.461967	0.444425	0.466470	0.481931	0.485010	59.740326
0.417356	0.469176	0.457062	0.476378	0.489314	0.492146	75.292908
0.536240	0.526379	0.485312	0.499463	0.507140	0.507488	40.313194
0.624719	0.569525	0.525794	0.529569	0.531616	0.527153	26.185667
0.605734	0.586388	0.549969	0.537949	0.537139	0.532161	95.808044
0.457792	0.444666	0.428484	0.456831	0.474245	0.479220	54.628059
0.455575	0.420899	0.411771	0.445160	0.464262	0.471366	94.204865
0.640837	0.588275	0.535579	0.537792	0.538558	0.533465	11.166483
0.555312	0.538686	0.495443	0.506352	0.514185	0.512028	33.633709
0.427156	0.413653	0.408846	0.442035	0.461047	0.468532	67.465340
0.600666	0.567628	0.536010	0.536984	0.537215	0.533177	23.835066
0.274659	0.309128	0.379950	0.427247	0.447818	0.439064	88.253418
0.430457	0.471129	0.476336	0.492485	0.502922	0.503399	29.707113
0.381391	0.429036	0.444852	0.466828	0.481646	0.486825	46.758614
0.377726	0.395273	0.432358	0.458630	0.473707	0.480151	56.674484
0.320365	0.386064	0.417176	0.444859	0.463377	0.460571	97.930054
0.515987	0.507093	0.479000	0.494133	0.503099	0.503260	46.613976
0.486391	0.491572	0.471312	0.487808	0.498076	0.498648	45.771721
0.546596	0.529786	0.488290	0.500564	0.509239	0.510787	57.012112
0.693042	0.617405	0.552282	0.549228	0.548039	0.543080	6.827347
0.699496	0.641573	0.563055	0.556669	0.553722	0.545279	3.889062
0.452243	0.474616	0.464093	0.479200	0.486907	0.485981	67.696777
0.469507	0.489460	0.474138	0.490891	0.497777	0.495688	66.044182
0.611485	0.585824	0.530713	0.534073	0.534573	0.530264	33.810646
0.381930	0.417263	0.434153	0.447203	0.452569	0.453062	76.066734
0.671063	0.628218	0.554810	0.554659	0.551801	0.542792	7.692347
0.586551	0.585530	0.525711	0.529813	0.530716	0.525446	16.917690
0.584787	0.585824	0.525894	0.530029	0.531280	0.527404	14.726130
0.685724	0.636284	0.561460	0.558560	0.555068	0.549067	3.219737
0.526537	0.554932	0.510338	0.517641	0.521872	0.519430	46.661556
0.458452	0.519814	0.494939	0.504879	0.510341	0.509961	70.502441
0.556436	0.574412	0.555115	0.546360	0.533767	0.521078	97.428101
0.459072	0.430802	0.422244	0.452055	0.469762	0.477419	97.512093
0.558811	0.560456	0.508512	0.515998	0.521238	0.517625	35.644585
0.593050	0.585719	0.526050	0.529873	0.531659	0.526620	20.007483
0.494116	0.475718	0.448475	0.471421	0.485237	0.489586	55.067532
0.460728	0.448372	0.432199	0.458875	0.474969	0.480726	64.806137
0.412032	0.483912	0.463194	0.482516	0.493367	0.494720	29.946920
0.523376	0.551966	0.509411	0.515829	0.519165	0.515976	21.371737
0.320999	0.402385	0.419338	0.447731	0.463499	0.469641	40.949532
0.344958	0.297797	0.348901	0.390378	0.409247	0.422165	68.016632
0.325310	0.382891	0.407713	0.440381	0.456275	0.462579	49.540615
0.479230	0.536647	0.496417	0.496914	0.506852	0.506926	96.010071
0.557956	0.525583	0.505638	0.506134	0.506194	0.506496	71.358322
0.669620	0.625707	0.554648	0.551255	0.549008	0.540885	20.898735
0.387192	0.422430	0.425763	0.456860	0.469982	0.475112	60.484039
0.329599	0.349535	0.391690	0.423401	0.442513	0.453766	64.716225
0.502914	0.514343	0.499349	0.465338	0.450875	0.442451	46.039742
0.624895	0.574200	0.539005	0.513388	0.512760	0.502776	10.109294
0.646138	0.587210	0.549588	0.520607	0.514642	0.510606	6.320752
0.401257	0.453716	0.451623	0.424226	0.418338	0.413958	56.326748
0.666162	0.604620	0.567162	0.539223	0.522535	0.502604	6.153193
0.616758	0.576400	0.545278	0.511144	0.494279	0.480655	14.884890
0.545484	0.533393	0.510895	0.479927	0.466781	0.458410	21.662275
0.484288	0.498414	0.478301	0.456650	0.446617	0.443086	42.271400
0.508435	0.508679	0.492792	0.465689	0.456634	0.453451	36.936771
0.592250	0.588303	0.562109	0.520700	0.499497	0.482282	91.858521
0.612375	0.565645	0.526868	0.499616	0.493170	0.486066	8.547931
0.580609	0.572327	0.547649	0.509163	0.486459	0.472527	89.890625
0.460770	0.484449	0.464621	0.476253	0.478540	0.475599	46.191360
0.546079	0.526993	0.500888	0.493985	0.493296	0.485044	21.610529
0.443047	0.418522	0.414500	0.431926	0.442343	0.443632	97.924690
0.506096	0.496439	0.480825	0.479837	0.479611	0.471843	28.797344
0.406659	0.428648	0.424325	0.442184	0.449849	0.450890	62.991299
0.294899	0.339021	0.298144	0.352901	0.382906	0.380156	89.723747
0.362580	0.427464	0.448182	0.432333	0.434174	0.428947	41.362984
0.333740	0.389121	0.442896	0.428701	0.422758	0.417161	57.040993
0.356261	0.416543	0.451420	0.436589	0.432579	0.427892	47.862370
0.428273	0.470429	0.469282	0.455329	0.456456	0.452413	26.214191
0.352968	0.396553	0.419044	0.408252	0.411392	0.413320	54.352982
0.293047	0.275157	0.345885	0.350092	0.356971	0.361889	70.077866
0.353943	0.397579	0.416820	0.406390	0.411164	0.413631	54.524170
0.600766	0.548962	0.512302	0.493976	0.491373	0.485946	33.721832
0.645086	0.583696	0.545812	0.511272	0.503603	0.496900	29.190697
0.543548	0.535818	0.524672	0.485712	0.469698	0.461119	34.802952
0.438437	0.459350	0.459810	0.438896	0.430127	0.424550	65.857574
0.542494	0.534969	0.525275	0.486466	0.470586	0.462069	35.737358
0.494678	0.504204	0.498205	0.459833	0.450165	0.441471	42.497070
0.377017	0.412859	0.432661	0.414520	0.409013	0.404889	68.531242
0.665647	0.605478	0.576314	0.531494	0.519669	0.507232	6.916940
0.570100	0.550834	0.534870	0.509927	0.498192	0.488584	18.028580
0.528166	0.522518	0.512912	0.483514	0.474908	0.470175	28.507935
0.452996	0.471575	0.474234	0.452326	0.451624	0.451999	53.616119
0.585824	0.587051	0.570234	0.531513	0.508487	0.492946	100.240913
0.613666	0.574467	0.550145	0.518809	0.514294	0.502598	11.739932
0.585824	0.587051	0.570234	0.531513	0.508487	0.492946	99.972000
0.536129	0.525997	0.518799	0.511304	0.507504	0.499679	18.148430
0.452929	0.428905	0.419642	0.437070	0.447692	0.450710	106.369858
0.498511	0.498787	0.494989	0.488735	0.491289	0.483804	31.249874
0.400182	0.427594	0.422007	0.439784	0.448467	0.447012	57.538605
0.389923	0.412454	0.412084	0.433346	0.445372	0.448022	63.306301
0.351883	0.412040	0.448487	0.429850	0.436896	0.438934	38.207970
0.514498	0.516908	0.518465	0.491038	0.487039	0.480347	25.460838
0.345412	0.372691	0.419178	0.402816	0.409673	0.411341	52.283257
0.339122	0.281360	0.337042	0.343855	0.357643	0.362746	64.717110
0.319993	0.300281	0.347924	0.367422	0.373600	0.374632	72.070389
0.310971	0.289264	0.334082	0.341894	0.351864	0.357356	72.894737
0.631911	0.585587	0.553800	0.526452	0.521283	0.510922	21.246271
0.571011	0.545464	0.535530	0.509243	0.504231	0.493642	21.111399
0.639405	0.588341	0.562707	0.534149	0.525648	0.512343	8.934551
0.639509	0.590095	0.562198	0.532058	0.521348	0.508761	9.347234
0.633906	0.589377	0.540307	0.537695	0.538394	0.533111	26.960369
0.528835	0.519096	0.498835	0.507060	0.513743	0.510467	51.011387
0.720371	0.641720	0.568883	0.564246	0.559784	0.550018	11.324710
0.304293	0.371261	0.427577	0.450726	0.467953	0.461329	85.018066
0.425383	0.459853	0.462961	0.482171	0.492865	0.489121	64.725853
0.540949	0.541403	0.508187	0.517033	0.522739	0.518503	41.367302
0.487700	0.519765	0.498171	0.507326	0.515264	0.513961	64.626389
0.504772	0.526161	0.504823	0.513547	0.518974	0.517383	48.528156
0.618447	0.598716	0.570742	0.556273	0.550097	0.531856	95.038597
0.618447	0.598716	0.570742	0.556273	0.550097	0.531856	94.634567
0.645289	0.592813	0.538893	0.538576	0.540655	0.534226	14.430549
0.431827	0.447493	0.431492	0.458200	0.475012	0.479527	57.393055
0.531195	0.532734	0.488590	0.501409	0.508680	0.508728	38.595688
0.414141	0.424955	0.417613	0.448930	0.467565	0.474615	63.703342
0.629103	0.589094	0.534426	0.534770	0.535148	0.532111	15.147109
0.396033	0.399123	0.401646	0.436593	0.457088	0.466154	70.645027
0.316877	0.397702	0.419585	0.450397	0.467640	0.472871	40.316162
0.363181	0.442578	0.452243	0.473540	0.487284	0.491336	30.699921
0.301407	0.294165	0.378769	0.396833	0.405032	0.407094	74.667046
0.328192	0.356705	0.383527	0.413796	0.440401	0.451750	53.305641
0.445327	0.491888	0.484518	0.498403	0.506318	0.506045	30.421694
0.318753	0.333822	0.377736	0.412999	0.433238	0.441959	71.642250
0.690806	0.619927	0.557739	0.554478	0.552559	0.544676	53.052979
0.579262	0.533143	0.508533	0.518243	0.523058	0.520856	35.233143
0.374863	0.429467	0.436958	0.462876	0.478958	0.484241	56.341156
0.595825	0.546016	0.515842	0.523853	0.526648	0.522697	34.050220
0.571324	0.556664	0.528153	0.515452	0.503481	0.492573	36.651333
0.754514	0.657010	0.590437	0.565224	0.549398	0.533045	6.724372
0.487536	0.507051	0.493533	0.488363	0.479663	0.471219	46.920151
0.682907	0.619353	0.565038	0.544331	0.530805	0.513553	12.158282
0.366420	0.438984	0.448409	0.441464	0.441343	0.440107	62.921173
0.351915	0.412428	0.431198	0.430844	0.430215	0.426689	70.880318
0.426764	0.473963	0.469167	0.471226	0.471297	0.468801	53.951336
0.733345	0.645566	0.583655	0.559286	0.547362	0.531393	-0.194607
0.737292	0.647526	0.586029	0.559053	0.543996	0.530947	-0.127713
0.662499	0.606758	0.557852	0.535738	0.523213	0.513296	11.018020
0.590342	0.593486	0.558095	0.513838	0.492393	0.481425	92.652702
0.590342	0.593486	0.558095	0.513838	0.492393	0.481425	93.813538
0.415770	0.434593	0.425965	0.442780	0.451032	0.450487	49.834232
0.482064	0.492246	0.476351	0.480471	0.479320	0.473847	36.475636
0.616761	0.576043	0.538739	0.523983	0.513410	0.503473	13.666944
0.381269	0.397406	0.405449	0.425514	0.435489	0.439667	67.194374
0.447462	0.428948	0.421049	0.438872	0.449746	0.449484	98.270706
0.352189	0.345869	0.389408	0.404829	0.413497	0.415406	59.075939
0.359715	0.417437	0.424520	0.432404	0.439862	0.439471	40.772537
0.416250	0.471958	0.471244	0.474183	0.476664	0.474975	26.937979
0.312722	0.311188	0.385939	0.402265	0.404980	0.403028	71.844536
0.357080	0.379176	0.407958	0.419575	0.429211	0.430123	55.584209
0.317139	0.267783	0.336197	0.361925	0.377048	0.385109	72.195534
0.407517	0.424303	0.440503	0.455801	0.458360	0.457176	46.157223
0.739667	0.648941	0.584117	0.561333	0.547728	0.529880	10.620057
0.644449	0.586359	0.546495	0.527509	0.519692	0.509392	19.717545
0.741597	0.647417	0.584888	0.558015	0.544551	0.530388	10.833355
0.603615	0.553076	0.510078	0.517802	0.522256	0.521040	39.376675
0.512188	0.497615	0.478628	0.493129	0.501813	0.501350	65.231071
0.430580	0.460120	0.459181	0.475615	0.488051	0.491368	80.121284
0.352118	0.387535	0.430468	0.450323	0.464828	0.470275	85.485626
0.663642	0.587437	0.528737	0.531256	0.533029	0.529607	10.139264
0.452588	0.488665	0.476681	0.493108	0.502509	0.505087	47.802509
0.422386	0.474428	0.464781	0.483156	0.495951	0.499693	64.182404
0.453637	0.492333	0.472609	0.489543	0.498299	0.501586	81.202690
0.642278	0.571566	0.513379	0.520153	0.523059	0.520593	9.808300
0.541617	0.524984	0.491498	0.504331	0.512521	0.512136	26.718212
0.548670	0.557164	0.525412	0.519567	0.522331	0.517434	101.272865
0.453116	0.439558	0.426246	0.453308	0.470343	0.478392	64.761940
0.563327	0.519850	0.479104	0.494586	0.504249	0.503529	39.106140
0.435542	0.427017	0.413372	0.445354	0.463513	0.471324	77.633446
0.438211	0.413906	0.404314	0.438425	0.458881	0.466259	89.073334
0.625398	0.561479	0.510003	0.517495	0.520754	0.518942	22.149317
0.380303	0.445061	0.438735	0.462966	0.479236	0.485930	32.288795
0.326235	0.408393	0.425085	0.453106	0.471923	0.480189	46.665012
0.366525	0.306772	0.367751	0.397110	0.415988	0.429398	72.873947
0.682182	0.600179	0.535157	0.537369	0.538801	0.533897	20.381731
0.351934	0.427587	0.435318	0.462208	0.477983	0.484883	36.500023
0.403648	0.430490	0.449690	0.471288	0.484689	0.487352	67.114037
0.656946	0.577369	0.521862	0.526993	0.529139	0.525011	10.904306
0.660165	0.583204	0.523467	0.527581	0.529856	0.526354	15.804461
0.660572	0.582586	0.522391	0.527436	0.530445	0.525044	16.145172
0.661474	0.580274	0.521320	0.527326	0.529495	0.526076	7.247283
0.572378	0.524797	0.491324	0.498782	0.502628	0.500197	15.512955
0.616240	0.557675	0.513980	0.514992	0.516487	0.512259	8.613512
0.352856	0.393948	0.410029	0.439757	0.455293	0.463322	63.376793
0.386455	0.421356	0.426243	0.450874	0.464300	0.468261	43.997704
0.492254	0.486018	0.466544	0.481263	0.488495	0.490417	22.217464
0.380897	0.420936	0.433067	0.449663	0.460135	0.462777	67.963203
0.437538	0.464773	0.450981	0.467638	0.478510	0.481688	34.439396
0.584037	0.539120	0.499474	0.506199	0.508296	0.504726	10.226304
0.447369	0.469385	0.452677	0.468768	0.478357	0.481567	33.585537
0.567598	0.538250	0.509995	0.499948	0.495934	0.493211	90.069099
0.567598	0.538250	0.509995	0.499948	0.495934	0.493211	91.246643
0.409419	0.442169	0.440250	0.460523	0.472347	0.475983	63.307613
0.504228	0.492488	0.465588	0.480129	0.488115	0.488896	40.795948
0.612067	0.551622	0.507559	0.511449	0.513017	0.510234	13.494987
0.416859	0.418418	0.418855	0.445517	0.459663	0.464870	72.845619
0.442488	0.428908	0.423616	0.447280	0.461085	0.467121	97.699577
0.426580	0.426069	0.419928	0.444221	0.459562	0.465728	62.690956
0.296455	0.364980	0.391216	0.424759	0.443692	0.452452	41.468372
0.303429	0.354259	0.387353	0.418342	0.439544	0.448172	49.572582
0.385215	0.423716	0.428666	0.451631	0.465386	0.469874	26.588238
0.318711	0.342619	0.377532	0.412161	0.434283	0.443535	55.990997
0.483762	0.483862	0.469411	0.481302	0.489277	0.490317	20.981211
0.376410	0.444380	0.460530	0.449775	0.434949	0.430958	84.353989
0.584105	0.597091	0.541222	0.519998	0.509983	0.483136	99.040909
0.290735	0.349160	0.382659	0.417279	0.436625	0.445848	57.117062
0.574221	0.532062	0.501126	0.506856	0.509836	0.506447	13.315534
0.563550	0.525561	0.494139	0.502348	0.505031	0.502891	14.480617
0.537734	0.523890	0.491274	0.475456	0.474175	0.465994	43.422600
0.600775	0.562883	0.519599	0.498957	0.492583	0.484345	35.599670
0.521140	0.514988	0.483940	0.473950	0.470636	0.463494	46.682362
0.716789	0.626030	0.557326	0.530245	0.518676	0.505144	5.325991
0.436697	0.464918	0.456350	0.451138	0.449757	0.446955	62.748814
0.322507	0.367568	0.406828	0.406408	0.399311	0.399391	81.400620
0.719334	0.624688	0.565589	0.541345	0.533190	0.519641	10.554132
0.481595	0.495451	0.479317	0.471294	0.469555	0.467680	53.385979
0.723023	0.621984	0.561040	0.537844	0.528361	0.514607	8.406882
0.643424	0.581658	0.534849	0.515885	0.505120	0.497034	27.261974
0.521276	0.518964	0.510035	0.481622	0.472084	0.465344	75.990021
0.617343	0.604927	0.577463	0.525612	0.503011	0.487508	88.669258
0.411622	0.416723	0.413216	0.431680	0.440760	0.444950	67.626518
0.463867	0.439778	0.428345	0.444844	0.453141	0.453371	102.723686
0.545917	0.532342	0.493139	0.493720	0.491841	0.485001	38.087799
0.673232	0.595148	0.537419	0.522546	0.516869	0.506525	13.266840
0.428269	0.435125	0.429350	0.444724	0.452489	0.453972	57.985729
0.377069	0.423587	0.430907	0.434917	0.443652	0.444745	38.730110
0.348249	0.310518	0.366780	0.384213	0.398076	0.406349	64.716293
0.350771	0.348198	0.391636	0.399728	0.414051	0.418819	59.437683
0.355313	0.404173	0.420634	0.423259	0.431575	0.432777	39.758968
0.543590	0.527368	0.496550	0.484395	0.484727	0.476008	22.310278
0.308786	0.266145	0.332555	0.356187	0.373375	0.380883	75.735466
0.316215	0.271636	0.338031	0.361362	0.375154	0.382711	73.802841
0.718616	0.617985	0.557906	0.531002	0.523760	0.511953	20.510662
0.722335	0.620139	0.559056	0.537890	0.526018	0.513392	10.139030
0.290973	0.283401	0.352493	0.374769	0.380399	0.380179	87.909721
0.515098	0.528179	0.519463	0.495724	0.487291	0.475880	54.174248
0.752334	0.651610	0.603903	0.569468	0.552174	0.533268	11.035277
0.520237	0.530303	0.525050	0.500539	0.487847	0.476472	50.188908
0.329406	0.361076	0.399142	0.393291	0.397826	0.392829	78.157021
0.717832	0.634049	0.585591	0.556670	0.539148	0.522935	5.069478
0.430850	0.469470	0.475636	0.461032	0.452164	0.445289	55.520004
0.483675	0.480311	0.470537	0.462605	0.463471	0.460296	52.924355
0.541433	0.523759	0.502560	0.491873	0.487921	0.481939	36.284649
0.584135	0.543920	0.513319	0.501495	0.498372	0.491111	25.838179
0.573324	0.582251	0.567927	0.525178	0.497480	0.480387	94.529755
0.558555	0.569789	0.557149	0.518064	0.493254	0.476146	97.508774
0.713994	0.619204	0.572232	0.550883	0.539298	0.523720	11.312093
0.550738	0.515843	0.497500	0.498056	0.498324	0.491687	44.781929
0.632213	0.563250	0.539585	0.527592	0.520143	0.507245	23.038582
0.453413	0.458782	0.443335	0.456424	0.460825	0.462060	58.410458
0.461536	0.433667	0.423724	0.441387	0.452412	0.455093	97.656982
0.416160	0.432575	0.425626	0.442795	0.453266	0.454326	65.078293
0.416905	0.380413	0.416247	0.419402	0.422887	0.422869	49.388733
0.432446	0.408357	0.436234	0.433356	0.435750	0.433342	37.613453
0.466140	0.461662	0.472344	0.463856	0.463305	0.456488	26.810425
0.609944	0.555456	0.531926	0.512067	0.506786	0.495336	21.322050
0.364391	0.320705	0.382245	0.401445	0.410512	0.406651	64.125252
0.526451	0.493816	0.489981	0.482887	0.481374	0.474186	48.853210
0.604506	0.555501	0.530383	0.515914	0.508781	0.498093	41.631702
0.747240	0.637833	0.589854	0.562775	0.546792	0.532920	24.486864
0.683778	0.598033	0.561096	0.538744	0.524294	0.510462	19.021435
0.435603	0.420623	0.446945	0.446163	0.450112	0.446857	54.569908
